28.324219
28.324219
28.617188
28.617188
28.617188
28.617188
28.910156
28.324219
28.617188
28.910156
28.617188
28.617188
28.617188
28.617188
28.910156
28.617188
28.910156
29.203125
28.910156
28.617188
29.203125
28.324219
28.617188
28.617188
28.910156
28.910156
28.617188
28.324219
28.910156
28.910156
28.910156
28.910156
28.617188
28.910156
28.617188
28.910156
28.910156
28.910156
28.617188
28.617188
28.910156
28.324219
29.203125
28.324219
28.617188
28.910156
28.617188
28.910156
28.617188
28.910156
28.910156
29.203125
28.617188
28.910156
29.203125
28.910156
28.617188
28.910156
28.910156
29.203125
28.910156
28.910156
28.910156
28.910156
28.910156
28.910156
28.910156
29.496094
28.910156
28.910156
28.910156
28.910156
28.617188
28.910156
29.203125
28.910156
28.910156
28.910156
28.910156
28.910156
28.910156
28.910156
29.496094
29.203125
28.910156
29.203125
28.910156
28.910156
29.203125
28.910156
28.910156
28.910156
29.789063
28.617188
29.203125
28.910156
29.496094
29.496094
29.496094
29.203125
28.910156
28.910156
29.789063
28.910156
29.496094
29.496094
28.910156
28.910156
28.910156
28.910156
29.496094
29.496094
28.910156
29.789063
28.910156
29.496094
29.496094
28.910156
29.203125
29.203125
29.496094
29.203125
28.910156
29.203125
28.910156
28.910156
29.496094
29.203125
29.203125
29.496094
28.910156
28.910156
29.496094
29.203125
29.496094
28.910156
28.910156
29.203125
28.910156
29.496094
29.496094
29.203125
29.496094
29.789063
29.203125
29.789063
28.910156
29.496094
29.789063
28.910156
28.910156
28.910156
28.910156
29.203125
29.496094
29.789063
29.496094
29.496094
29.203125
29.496094
28.910156
29.789063
28.910156
28.910156
29.496094
28.910156
28.910156
29.789063
28.910156
28.910156
29.203125
29.496094
29.496094
29.789063
29.789063
29.789063
29.496094
28.910156
29.496094
29.789063
29.496094
28.910156
29.203125
29.789063
29.789063
29.496094
29.496094
29.789063
28.910156
29.496094
28.910156
29.496094
29.496094
29.496094
28.910156
29.789063
28.910156
28.910156
30.082031
28.910156
29.496094
29.496094
29.203125
29.496094
29.789063
29.789063
29.496094
29.789063
28.910156
28.910156
28.910156
29.496094
30.082031
30.082031
29.496094
29.789063
29.789063
30.082031
29.789063
29.789063
29.496094
29.789063
29.789063
29.789063
29.496094
29.496094
29.789063
30.082031
29.789063
29.789063
29.496094
29.789063
30.082031
29.789063
29.496094
30.375000
29.789063
29.496094
28.910156
30.375000
29.496094
29.789063
28.910156
29.789063
29.789063
30.082031
29.789063
29.496094
30.082031
28.910156
29.789063
28.910156
29.496094
29.789063
29.496094
29.789063
29.789063
29.496094
29.789063
29.496094
29.789063
28.910156
28.910156
29.496094
30.375000
29.789063
30.082031
29.789063
30.082031
29.789063
29.496094
30.082031
29.789063
29.496094
29.789063
29.789063
28.910156
29.203125
28.910156
30.082031
29.789063
29.789063
29.789063
30.375000
29.789063
29.789063
28.910156
30.375000
29.496094
30.375000
29.496094
28.910156
30.375000
30.375000
30.082031
30.082031
29.789063
28.910156
30.375000
29.496094
30.082031
29.789063
28.910156
29.496094
30.375000
28.910156
28.910156
30.082031
30.375000
29.496094
30.375000
30.082031
30.082031
29.789063
29.789063
30.375000
30.082031
28.910156
29.496094
30.082031
29.789063
29.789063
30.375000
30.375000
30.082031
30.375000
29.789063
30.082031
29.789063
30.375000
29.789063
30.082031
29.789063
30.375000
30.375000
29.789063
30.375000
30.375000
30.082031
30.375000
30.375000
30.375000
30.375000
30.375000
30.375000
30.375000
30.082031
30.375000
30.082031
30.375000
30.375000
30.667969
30.375000
30.375000
30.375000
30.375000
30.375000
30.375000
30.375000
30.082031
30.960938
30.375000
30.375000
30.082031
29.496094
29.789063
30.375000
30.375000
29.789063
30.082031
30.960938
30.375000
30.375000
29.789063
30.375000
30.667969
30.375000
30.375000
30.375000
30.082031
30.375000
30.375000
30.375000
30.082031
30.375000
30.375000
30.375000
30.375000
30.667969
30.667969
30.082031
30.375000
30.375000
30.375000
30.667969
30.375000
30.375000
30.667969
30.375000
30.375000
30.082031
30.667969
30.375000
30.375000
30.667969
30.375000
30.375000
30.667969
30.375000
30.375000
30.375000
30.375000
30.375000
30.667969
30.375000
30.375000
30.375000
30.082031
30.375000
30.960938
30.375000
30.375000
30.667969
30.375000
30.667969
30.375000
30.667969
30.375000
30.375000
30.375000
30.375000
30.375000
30.667969
30.667969
30.375000
30.375000
30.375000
30.667969
30.375000
30.375000
30.375000
30.667969
30.667969
30.667969
30.667969
30.667969
30.375000
30.375000
30.667969
30.667969
30.960938
30.375000
30.667969
30.667969
30.667969
30.667969
30.375000
30.667969
30.375000
30.667969
30.960938
30.375000
30.960938
30.960938
30.667969
30.960938
30.667969
30.960938
30.667969
30.375000
30.960938
30.667969
30.667969
30.375000
30.960938
30.960938
30.667969
30.667969
30.667969
30.960938
30.960938
30.960938
30.667969
30.960938
30.667969
30.667969
30.667969
30.667969
30.960938
30.960938
30.960938
30.960938
30.667969
30.960938
30.960938
30.667969
30.667969
30.667969
30.960938
30.667969
30.960938
30.960938
30.960938
30.667969
30.960938
30.667969
31.253906
30.960938
30.960938
30.960938
30.667969
30.667969
30.667969
31.253906
30.960938
30.667969
30.960938
30.667969
30.667969
30.667969
30.667969
30.960938
30.960938
31.253906
30.667969
30.960938
31.253906
31.253906
30.667969
30.960938
30.667969
30.960938
30.960938
30.960938
30.960938
31.546875
30.667969
30.960938
31.253906
31.546875
30.960938
30.960938
31.253906
30.960938
31.253906
30.960938
30.960938
31.253906
30.667969
30.960938
30.667969
30.667969
31.253906
30.667969
30.960938
31.253906
30.667969
31.546875
30.960938
31.253906
31.253906
31.253906
31.546875
31.253906
30.960938
30.960938
31.253906
30.960938
31.253906
31.253906
31.253906
31.546875
31.253906
30.960938
31.253906
30.960938
31.253906
31.253906
31.253906
30.667969
31.253906
31.253906
31.253906
31.253906
31.253906
31.253906
30.667969
31.253906
31.253906
31.253906
31.839844
31.253906
31.546875
31.253906
31.546875
31.546875
31.253906
31.546875
31.546875
31.253906
30.960938
31.253906
30.667969
32.132813
31.546875
31.839844
31.253906
31.253906
31.546875
31.546875
31.253906
31.253906
31.546875
31.546875
31.839844
31.546875
31.253906
31.253906
31.253906
31.253906
31.253906
31.253906
31.546875
31.253906
31.546875
31.546875
31.546875
31.253906
31.253906
31.253906
31.546875
31.253906
30.960938
31.839844
31.253906
31.253906
31.546875
31.839844
31.546875
31.253906
31.546875
32.132813
31.839844
32.132813
31.839844
31.546875
31.253906
31.839844
31.253906
31.546875
31.546875
31.839844
31.253906
31.546875
32.132813
31.839844
31.839844
31.839844
31.546875
31.839844
32.132813
31.839844
31.546875
31.839844
31.253906
31.839844
31.546875
32.718750
31.839844
32.132813
31.839844
31.546875
31.546875
32.132813
31.839844
31.253906
31.839844
31.546875
31.253906
31.839844
31.253906
31.839844
31.839844
32.718750
31.839844
32.425781
31.839844
32.132813
32.132813
32.132813
31.546875
32.132813
32.132813
31.839844
31.839844
32.718750
32.132813
31.839844
32.132813
32.132813
32.132813
32.132813
32.132813
31.546875
32.132813
31.253906
32.132813
31.839844
32.132813
31.839844
31.253906
32.132813
32.718750
32.718750
32.718750
31.253906
32.425781
31.839844
32.132813
31.839844
32.425781
32.425781
32.132813
32.718750
32.425781
32.718750
32.132813
32.425781
32.718750
32.425781
32.132813
32.718750
31.839844
32.718750
32.718750
32.718750
32.718750
32.718750
32.718750
32.718750
32.425781
32.718750
31.839844
32.718750
32.718750
32.132813
31.839844
32.425781
31.253906
32.425781
32.718750
32.425781
32.425781
32.718750
32.425781
32.425781
32.718750
32.718750
32.718750
33.304688
32.425781
32.718750
33.011719
32.425781
32.718750
33.011719
32.718750
32.425781
32.718750
32.718750
32.425781
32.718750
32.425781
32.425781
32.718750
33.011719
33.011719
32.132813
33.011719
32.718750
33.011719
32.718750
32.718750
32.718750
32.718750
32.718750
33.011719
32.718750
33.011719
32.718750
32.425781
32.718750
32.718750
33.011719
32.718750
32.425781
33.011719
33.304688
32.718750
32.425781
33.304688
33.011719
32.718750
32.718750
32.718750
33.011719
32.425781
33.011719
33.011719
33.011719
33.011719
33.011719
33.011719
33.011719
33.304688
33.304688
33.304688
33.011719
33.011719
33.304688
33.304688
33.011719
33.304688
33.011719
32.425781
33.304688
33.304688
33.304688
33.304688
33.011719
33.011719
33.011719
33.011719
33.304688
33.011719
33.597656
33.011719
33.597656
33.304688
33.304688
33.304688
33.304688
33.011719
33.011719
33.011719
33.597656
33.304688
33.304688
33.304688
33.597656
33.304688
33.304688
33.597656
33.304688
33.011719
33.597656
33.304688
33.597656
33.011719
33.011719
33.597656
33.011719
33.304688
33.304688
33.304688
33.597656
33.597656
33.304688
33.304688
33.597656
33.597656
33.304688
33.597656
33.304688
33.304688
33.597656
33.304688
33.597656
33.597656
33.304688
33.011719
33.597656
33.304688
33.597656
33.597656
33.890625
33.304688
33.597656
33.597656
33.597656
33.304688
33.011719
33.597656
33.304688
33.597656
33.597656
33.597656
33.597656
33.597656
33.890625
33.304688
33.890625
33.890625
33.597656
33.011719
33.597656
33.597656
33.597656
34.476563
34.476563
33.597656
33.011719
34.183594
33.890625
33.597656
33.597656
33.597656
33.597656
33.597656
33.597656
33.597656
34.183594
33.597656
34.183594
33.597656
33.890625
33.890625
34.183594
34.183594
34.476563
33.597656
34.476563
33.890625
33.597656
33.890625
33.597656
33.597656
34.476563
33.890625
33.890625
33.890625
34.183594
34.183594
34.183594
33.890625
34.183594
34.476563
34.183594
33.597656
34.183594
34.183594
34.183594
33.597656
33.597656
33.597656
33.890625
34.476563
34.183594
34.476563
33.597656
34.183594
34.183594
34.476563
34.183594
33.597656
33.597656
34.476563
33.597656
34.183594
34.476563
34.183594
34.476563
34.476563
34.476563
34.183594
33.597656
34.183594
33.597656
34.476563
34.769531
34.476563
34.183594
34.476563
34.183594
34.476563
33.597656
34.476563
34.476563
34.476563
34.476563
34.476563
34.769531
34.183594
34.476563
34.476563
34.769531
34.769531
34.769531
34.769531
33.597656
35.062500
34.769531
34.476563
34.476563
34.769531
34.769531
34.769531
35.062500
34.183594
34.769531
34.769531
34.769531
34.769531
34.476563
34.769531
34.769531
34.769531
34.476563
34.769531
34.769531
34.769531
34.769531
35.062500
34.769531
34.769531
35.062500
35.062500
35.062500
35.062500
35.062500
35.062500
35.062500
34.769531
35.062500
35.062500
34.769531
35.062500
35.062500
35.062500
35.062500
35.062500
34.769531
35.062500
34.769531
35.062500
35.062500
35.355469
34.769531
34.769531
35.062500
35.648438
35.062500
35.355469
35.355469
34.769531
34.769531
34.769531
35.355469
35.062500
35.355469
34.769531
35.062500
35.062500
35.062500
35.355469
35.648438
35.648438
35.648438
35.062500
35.355469
35.062500
35.062500
35.648438
35.355469
35.648438
35.648438
35.062500
35.062500
35.062500
35.648438
35.648438
35.648438
35.355469
35.355469
35.062500
35.355469
35.355469
35.648438
35.355469
35.355469
35.648438
35.355469
35.648438
35.355469
35.941406
35.355469
35.355469
35.355469
35.648438
35.355469
35.648438
35.648438
35.648438
35.355469
35.062500
35.355469
35.355469
35.941406
35.648438
35.648438
35.941406
35.355469
35.941406
35.941406
35.355469
35.648438
35.941406
35.941406
35.648438
35.648438
35.941406
36.234375
35.941406
35.648438
35.648438
35.648438
35.648438
35.941406
35.941406
35.941406
36.234375
35.941406
35.941406
35.941406
35.941406
35.941406
35.941406
36.527344
36.234375
35.355469
36.234375
35.941406
35.648438
36.234375
36.234375
36.234375
35.941406
35.941406
35.648438
35.941406
35.941406
35.941406
35.648438
35.941406
35.648438
35.941406
35.941406
35.648438
35.941406
35.941406
35.941406
35.941406
36.527344
35.941406
36.234375
36.234375
36.234375
36.820313
36.527344
36.234375
36.234375
35.941406
36.820313
35.941406
35.941406
36.527344
36.527344
35.355469
36.234375
35.941406
36.234375
36.527344
36.234375
36.527344
36.527344
35.941406
36.820313
36.820313
35.941406
36.234375
36.527344
36.820313
35.941406
36.234375
35.941406
35.941406
35.941406
35.941406
35.941406
36.820313
36.527344
35.941406
36.527344
36.820313
36.820313
35.941406
36.820313
36.820313
36.527344
37.406250
36.527344
36.820313
36.820313
37.406250
36.820313
37.406250
36.820313
36.820313
36.820313
36.820313
37.113281
36.820313
36.820313
36.820313
36.527344
36.527344
36.527344
36.820313
36.527344
36.527344
36.527344
37.113281
36.820313
36.820313
37.113281
35.941406
36.527344
37.113281
36.820313
36.820313
37.406250
37.113281
37.406250
37.113281
37.406250
37.406250
37.406250
37.113281
37.113281
37.113281
36.820313
37.406250
37.406250
37.113281
37.406250
37.406250
37.113281
37.406250
37.406250
37.406250
37.113281
37.699219
37.113281
37.113281
37.406250
37.113281
37.113281
37.406250
37.113281
37.406250
37.406250
37.699219
37.406250
37.113281
37.113281
37.406250
37.406250
37.699219
37.406250
37.406250
37.699219
37.406250
37.699219
37.699219
37.699219
37.113281
37.113281
37.699219
37.113281
37.699219
37.699219
37.699219
37.406250
37.699219
37.699219
37.699219
37.113281
37.699219
37.699219
37.406250
37.699219
37.699219
37.992188
37.992188
37.113281
37.406250
37.699219
37.699219
37.113281
37.699219
37.992188
37.699219
37.699219
37.699219
37.992188
37.699219
37.992188
37.992188
37.699219
37.992188
37.406250
37.699219
37.699219
37.992188
37.992188
38.285156
37.992188
37.699219
37.699219
37.992188
37.992188
37.992188
37.699219
37.699219
37.699219
37.992188
38.285156
37.992188
37.992188
37.992188
37.992188
37.992188
37.992188
38.285156
38.285156
37.992188
37.992188
38.285156
38.285156
37.992188
37.992188
38.285156
37.992188
38.285156
38.285156
37.699219
37.992188
37.992188
37.699219
37.992188
38.285156
38.285156
38.285156
38.578125
38.285156
38.285156
38.285156
38.285156
37.699219
38.285156
38.285156
38.285156
38.285156
38.285156
38.285156
38.578125
38.285156
38.285156
38.285156
38.285156
38.285156
38.285156
38.285156
38.285156
38.285156
38.578125
38.285156
38.578125
38.285156
38.871094
38.285156
38.871094
38.871094
38.871094
38.285156
38.285156
38.285156
38.578125
38.578125
38.578125
38.578125
38.871094
38.285156
38.578125
38.871094
38.285156
38.285156
38.285156
38.285156
38.871094
38.871094
38.285156
38.578125
38.578125
38.871094
38.871094
38.871094
38.285156
38.578125
38.871094
38.285156
38.871094
38.285156
38.871094
39.164063
39.164063
38.871094
38.285156
38.285156
38.578125
39.164063
39.750000
39.164063
38.871094
38.285156
39.164063
39.457031
38.871094
38.285156
39.164063
38.871094
38.285156
39.164063
38.871094
39.164063
39.164063
38.871094
39.164063
38.871094
38.578125
39.164063
39.750000
38.285156
39.164063
39.164063
39.164063
39.164063
39.750000
39.457031
39.164063
38.871094
38.871094
39.457031
39.164063
39.750000
38.871094
39.164063
39.750000
39.164063
39.164063
38.871094
39.750000
39.750000
39.457031
39.164063
39.164063
39.164063
39.457031
39.164063
39.750000
39.750000
39.750000
39.750000
39.457031
39.750000
39.164063
39.457031
39.164063
39.750000
39.457031
39.750000
39.750000
39.457031
39.164063
40.335938
39.750000
39.750000
39.750000
39.750000
39.750000
40.042969
39.750000
40.042969
39.750000
39.750000
39.750000
39.750000
39.750000
39.750000
40.042969
40.042969
39.750000
39.750000
40.042969
40.042969
39.750000
39.457031
40.042969
39.750000
40.042969
39.750000
39.750000
39.750000
39.750000
40.042969
40.335938
39.750000
40.335938
39.750000
40.042969
39.750000
39.750000
39.750000
40.042969
40.042969
40.042969
39.750000
40.042969
40.042969
40.042969
40.921875
40.042969
40.335938
40.335938
40.335938
40.042969
40.335938
40.335938
39.750000
40.628906
40.628906
40.335938
40.335938
40.335938
40.042969
40.335938
40.335938
40.335938
40.042969
40.335938
40.335938
40.628906
40.335938
40.628906
40.335938
40.628906
40.628906
40.042969
40.335938
40.335938
40.921875
40.628906
40.628906
40.335938
40.628906
40.335938
40.335938
40.335938
40.335938
40.335938
40.335938
40.628906
40.628906
40.628906
40.628906
40.335938
40.042969
40.921875
40.628906
40.628906
40.628906
40.628906
40.335938
40.628906
40.628906
40.628906
40.628906
40.628906
40.628906
40.628906
40.628906
40.628906
41.507813
40.042969
40.335938
40.628906
40.921875
40.921875
40.335938
41.214844
40.628906
40.628906
40.921875
40.921875
41.214844
40.628906
40.921875
40.628906
40.628906
40.921875
40.628906
40.628906
41.214844
40.921875
41.214844
40.628906
40.628906
40.921875
41.214844
41.214844
40.628906
40.628906
40.628906
41.214844
40.628906
40.921875
40.628906
40.921875
40.921875
41.214844
41.214844
40.628906
41.214844
40.628906
40.921875
41.214844
41.214844
41.507813
42.093750
41.507813
41.507813
41.214844
41.214844
42.093750
41.507813
41.507813
40.628906
41.507813
41.507813
41.214844
41.214844
41.507813
41.507813
41.214844
41.214844
41.507813
41.507813
41.507813
41.214844
41.214844
41.507813
41.214844
41.507813
41.507813
41.214844
41.507813
40.628906
41.507813
42.093750
41.214844
41.800781
41.214844
41.214844
41.507813
42.093750
42.093750
42.093750
41.800781
41.214844
41.214844
41.800781
41.507813
41.214844
41.800781
41.507813
42.093750
41.800781
42.093750
42.093750
41.800781
42.093750
42.093750
42.093750
42.093750
42.093750
41.800781
42.386719
42.093750
42.093750
41.800781
42.093750
41.800781
41.800781
41.800781
41.800781
42.093750
42.093750
42.093750
42.093750
42.386719
41.800781
41.800781
41.800781
41.800781
41.800781
42.093750
41.800781
42.093750
42.386719
42.386719
41.800781
41.800781
42.093750
41.800781
42.093750
42.093750
42.093750
41.800781
42.386719
42.386719
42.679688
42.093750
41.800781
42.093750
42.679688
42.679688
42.386719
41.800781
42.093750
42.386719
42.093750
42.679688
41.800781
42.093750
42.386719
42.386719
42.386719
42.679688
42.386719
42.386719
42.679688
42.093750
42.386719
42.386719
41.800781
42.093750
42.679688
42.386719
42.679688
42.386719
42.679688
42.386719
42.679688
42.386719
42.679688
42.679688
42.679688
42.679688
42.679688
42.386719
42.679688
42.386719
42.679688
42.679688
42.972656
42.386719
42.386719
42.679688
42.386719
42.972656
42.386719
42.679688
42.679688
42.679688
42.972656
42.679688
42.679688
42.972656
42.972656
42.679688
42.386719
42.679688
42.679688
43.265625
42.972656
42.972656
42.679688
42.972656
42.679688
42.679688
42.679688
42.679688
42.972656
42.972656
42.679688
42.679688
42.972656
42.972656
42.679688
42.972656
42.972656
42.386719
42.972656
42.679688
42.972656
42.679688
43.558594
43.265625
42.972656
42.972656
43.265625
43.265625
42.972656
43.265625
42.972656
43.265625
42.972656
43.265625
42.972656
42.972656
42.972656
43.265625
43.265625
43.265625
43.851563
42.972656
42.972656
42.972656
43.558594
42.972656
43.265625
43.558594
43.265625
43.265625
42.972656
43.558594
42.972656
42.972656
43.851563
43.265625
42.972656
42.972656
43.558594
43.265625
42.972656
43.558594
43.851563
43.558594
42.972656
43.851563
43.265625
43.851563
42.972656
42.972656
43.558594
42.972656
43.558594
43.851563
42.972656
43.265625
44.144531
43.558594
43.851563
43.558594
43.558594
42.972656
43.265625
43.851563
43.851563
42.972656
42.972656
43.558594
44.144531
43.851563
43.558594
43.851563
43.558594
43.558594
43.558594
43.851563
43.558594
43.558594
43.851563
43.558594
43.558594
43.851563
44.144531
44.144531
43.558594
43.851563
43.851563
43.851563
44.144531
44.144531
42.972656
43.851563
43.851563
44.437500
43.851563
42.972656
44.144531
44.144531
44.437500
44.144531
43.558594
43.851563
44.144531
43.558594
43.851563
44.144531
43.851563
43.851563
44.437500
44.144531
43.558594
43.851563
43.851563
44.144531
44.144531
43.851563
44.144531
44.144531
44.144531
43.851563
44.437500
44.144531
43.851563
44.144531
44.144531
43.851563
42.972656
43.851563
44.144531
44.437500
44.144531
43.851563
44.144531
44.144531
44.144531
43.851563
44.437500
43.851563
44.437500
44.437500
44.437500
44.144531
44.144531
44.144531
44.437500
44.144531
44.144531
44.730469
44.144531
44.437500
44.730469
44.144531
44.437500
44.144531
44.437500
44.144531
44.144531
44.144531
44.437500
44.144531
43.558594
44.437500
44.437500
44.437500
44.437500
44.144531
44.730469
44.730469
44.437500
44.437500
44.437500
44.730469
44.730469
44.144531
44.437500
44.144531
44.730469
44.730469
44.437500
45.023438
44.437500
44.437500
45.023438
44.730469
44.730469
44.730469
44.437500
44.437500
45.023438
45.023438
44.437500
44.730469
45.023438
44.437500
45.023438
44.730469
44.730469
45.023438
44.730469
44.144531
44.730469
44.730469
44.730469
44.730469
44.730469
45.023438
45.023438
44.730469
44.437500
44.730469
44.730469
45.023438
45.609375
45.023438
44.730469
44.730469
45.023438
45.023438
44.730469
44.730469
44.437500
44.730469
45.023438
45.023438
44.730469
44.730469
45.023438
44.730469
45.023438
45.316406
45.023438
44.730469
44.730469
44.730469
44.730469
44.144531
45.023438
44.730469
44.730469
44.730469
45.316406
45.023438
45.023438
45.023438
45.023438
45.316406
45.023438
44.730469
45.023438
44.730469
45.023438
45.023438
45.023438
45.023438
45.023438
45.023438
45.316406
45.316406
45.023438
45.023438
45.023438
45.023438
45.023438
45.316406
45.023438
45.023438
45.316406
45.023438
45.609375
44.730469
45.316406
45.316406
45.023438
44.730469
45.902344
45.023438
45.609375
44.730469
45.023438
45.316406
45.316406
45.316406
44.730469
45.609375
45.316406
45.316406
45.316406
45.023438
45.316406
45.023438
45.316406
44.730469
45.023438
45.316406
45.023438
45.609375
45.316406
45.023438
45.023438
45.316406
45.316406
45.316406
44.730469
45.316406
45.316406
45.023438
45.316406
45.316406
45.609375
45.316406
45.316406
45.316406
45.316406
45.609375
45.609375
45.609375
45.316406
45.316406
45.316406
45.902344
45.316406
45.609375
45.609375
45.316406
45.609375
45.316406
45.609375
45.316406
45.316406
45.609375
45.609375
45.609375
45.609375
45.609375
45.316406
46.195313
45.609375
45.609375
45.609375
45.902344
45.316406
45.609375
46.195313
45.316406
45.902344
45.316406
45.316406
45.316406
45.316406
45.316406
45.316406
45.316406
45.609375
45.316406
45.316406
45.316406
45.316406
45.316406
45.316406
45.902344
45.316406
46.195313
45.316406
45.902344
45.902344
46.195313
46.195313
45.902344
45.609375
45.902344
45.609375
45.316406
45.902344
45.902344
45.902344
45.316406
45.316406
46.195313
45.902344
45.316406
45.609375
45.609375
45.609375
45.609375
45.609375
45.609375
46.195313
46.195313
46.195313
45.902344
46.195313
45.902344
45.902344
46.195313
45.902344
45.609375
45.902344
45.902344
45.316406
46.195313
46.781250
45.902344
45.609375
46.195313
46.195313
46.195313
46.488281
45.902344
45.902344
45.902344
45.902344
45.609375
46.195313
46.195313
46.195313
45.902344
45.902344
45.902344
45.902344
46.195313
45.902344
46.195313
46.488281
45.316406
46.781250
46.195313
45.902344
45.902344
45.902344
45.902344
45.316406
46.195313
46.195313
45.902344
46.488281
45.316406
46.781250
45.316406
45.902344
45.902344
45.902344
46.195313
46.781250
46.195313
46.195313
46.781250
46.195313
46.488281
46.195313
46.195313
46.781250
46.195313
46.781250
45.902344
46.195313
46.781250
45.316406
46.195313
46.781250
46.488281
46.195313
46.781250
46.195313
46.781250
46.195313
46.781250
46.195313
46.195313
46.488281
45.316406
45.902344
45.902344
46.781250
46.195313
46.781250
46.781250
46.781250
46.195313
46.781250
46.781250
45.902344
46.488281
46.781250
46.781250
46.195313
46.781250
46.781250
46.195313
46.781250
46.781250
46.488281
46.781250
46.488281
46.488281
46.781250
46.488281
46.781250
46.781250
46.781250
46.195313
46.781250
46.488281
46.488281
46.781250
45.902344
45.316406
46.781250
46.781250
46.488281
46.781250
46.488281
46.781250
46.195313
46.488281
46.781250
46.781250
46.488281
46.488281
46.781250
46.781250
46.488281
46.488281
46.488281
46.488281
46.781250
46.488281
46.781250
46.781250
47.074219
46.781250
46.781250
46.488281
46.781250
46.195313
46.781250
46.781250
45.902344
46.781250
46.488281
46.781250
46.488281
46.781250
46.781250
46.488281
45.902344
47.074219
46.781250
46.781250
46.488281
46.488281
46.781250
46.488281
46.488281
46.781250
47.074219
46.488281
46.488281
46.781250
47.367188
46.781250
46.488281
46.488281
46.488281
46.781250
46.781250
46.488281
46.488281
46.488281
46.781250
46.781250
47.074219
46.488281
46.781250
46.488281
47.367188
46.781250
46.488281
47.367188
46.781250
46.488281
46.781250
46.781250
47.367188
46.781250
47.074219
46.781250
46.781250
47.074219
47.074219
46.781250
46.781250
47.074219
46.781250
47.367188
47.367188
47.074219
47.074219
46.781250
47.367188
46.488281
46.781250
47.367188
47.074219
45.902344
47.074219
47.074219
47.074219
47.074219
47.074219
46.781250
47.367188
47.074219
47.367188
47.074219
46.781250
46.488281
47.074219
47.367188
46.781250
47.074219
47.367188
46.488281
47.074219
47.367188
47.953125
47.074219
47.367188
47.367188
46.781250
46.781250
47.367188
47.367188
47.660156
47.367188
47.367188
47.074219
47.367188
47.074219
47.367188
47.074219
47.074219
47.367188
47.367188
47.367188
47.074219
47.074219
47.660156
47.367188
47.367188
47.367188
47.074219
47.367188
47.367188
47.074219
47.660156
47.367188
47.074219
47.367188
47.074219
47.367188
47.367188
47.074219
47.074219
47.367188
47.367188
47.074219
47.367188
47.367188
47.074219
47.660156
47.074219
47.074219
47.367188
47.074219
47.367188
47.660156
47.367188
47.953125
47.660156
47.367188
47.367188
47.367188
47.367188
47.074219
47.367188
47.074219
47.074219
47.367188
47.367188
46.781250
47.074219
47.367188
46.781250
47.367188
46.781250
47.074219
47.074219
47.074219
47.074219
47.074219
47.074219
47.074219
47.367188
47.074219
47.367188
47.367188
47.367188
47.367188
47.367188
47.367188
47.074219
47.367188
47.660156
47.367188
47.367188
47.367188
47.660156
47.660156
47.367188
47.074219
47.074219
47.367188
47.660156
47.367188
47.660156
47.660156
47.367188
47.074219
47.367188
47.660156
47.074219
47.367188
47.367188
47.660156
47.367188
47.953125
47.367188
47.660156
47.660156
47.367188
47.074219
47.367188
47.660156
47.367188
47.660156
47.074219
47.660156
47.660156
47.367188
47.367188
47.660156
47.367188
47.953125
47.953125
47.660156
47.367188
47.660156
47.660156
47.660156
47.660156
47.367188
47.660156
47.367188
47.953125
47.660156
47.660156
47.660156
47.660156
47.660156
47.660156
47.660156
47.367188
47.660156
47.660156
47.074219
47.367188
47.367188
47.660156
47.660156
47.660156
47.074219
47.660156
47.660156
47.367188
47.660156
47.660156
47.660156
47.660156
47.660156
47.660156
47.660156
47.660156
47.660156
47.953125
47.660156
47.953125
47.660156
47.953125
47.953125
47.074219
47.660156
47.953125
47.660156
47.660156
47.660156
47.660156
47.367188
47.660156
47.953125
47.953125
47.074219
47.660156
47.660156
47.953125
47.660156
47.660156
47.660156
47.660156
47.660156
47.660156
47.367188
47.367188
48.246094
47.660156
48.246094
47.660156
47.660156
47.660156
47.953125
47.660156
47.660156
47.660156
47.953125
48.246094
47.660156
47.660156
47.953125
47.660156
47.074219
47.660156
47.953125
47.953125
47.660156
47.367188
47.660156
47.953125
47.660156
47.953125
47.660156
47.660156
48.539063
47.953125
47.660156
47.660156
47.953125
47.660156
48.246094
47.660156
47.953125
47.660156
47.953125
47.953125
47.660156
48.246094
47.953125
47.953125
47.660156
47.953125
47.660156
48.539063
48.246094
47.953125
47.953125
48.539063
47.953125
48.246094
47.660156
47.953125
48.539063
48.539063
48.246094
47.660156
47.660156
48.246094
48.539063
47.953125
47.953125
48.246094
47.660156
47.953125
48.246094
47.367188
47.367188
47.660156
48.246094
48.246094
47.660156
47.660156
48.539063
47.660156
48.539063
47.953125
47.660156
47.953125
48.539063
47.660156
47.953125
47.953125
48.539063
47.660156
48.246094
47.953125
48.246094
48.246094
48.246094
48.246094
47.660156
48.246094
48.246094
48.246094
47.660156
48.246094
48.246094
47.660156
48.539063
48.246094
48.246094
47.660156
48.539063
48.246094
48.246094
47.660156
47.660156
48.539063
48.539063
48.246094
48.539063
47.953125
47.953125
48.539063
47.660156
48.539063
48.539063
48.539063
48.246094
48.539063
48.246094
47.660156
48.246094
48.539063
48.246094
47.660156
48.539063
48.246094
48.539063
48.832031
47.660156
48.539063
47.660156
48.539063
48.246094
47.660156
48.246094
48.539063
48.539063
48.832031
48.539063
48.539063
48.539063
48.539063
48.246094
48.246094
48.539063
48.539063
48.539063
48.246094
48.246094
48.539063
48.246094
48.539063
48.832031
47.660156
48.539063
48.246094
48.539063
48.832031
48.246094
48.246094
48.246094
48.539063
48.539063
48.539063
48.832031
48.539063
48.539063
48.832031
48.246094
47.953125
48.539063
48.832031
48.539063
48.832031
48.539063
48.539063
48.539063
47.660156
48.539063
48.539063
48.539063
48.539063
48.832031
48.832031
48.832031
49.125000
49.125000
48.246094
48.539063
48.246094
48.539063
47.660156
48.539063
48.832031
48.539063
48.246094
48.539063
48.832031
48.832031
48.832031
48.246094
48.832031
48.832031
49.125000
48.539063
48.539063
48.539063
48.832031
48.539063
48.832031
47.660156
48.832031
48.539063
48.832031
48.539063
48.832031
48.832031
48.246094
48.539063
48.539063
48.832031
48.832031
49.125000
48.539063
48.832031
48.539063
48.832031
48.832031
49.125000
48.832031
49.125000
48.246094
48.539063
48.832031
48.832031
48.539063
48.832031
48.832031
48.832031
49.125000
49.125000
48.832031
48.539063
48.832031
48.246094
49.125000
48.539063
49.125000
48.832031
48.832031
48.832031
49.125000
49.417969
48.832031
48.832031
48.539063
48.832031
48.832031
48.832031
49.125000
48.832031
48.832031
48.246094
48.246094
48.832031
48.832031
48.832031
49.125000
49.125000
49.417969
49.125000
49.125000
48.832031
49.125000
49.125000
49.125000
48.8320 48.832031
49.417969
49.125000
49.125000
48.832031
48.832031
48.832031
48.832031
48.832031
49.125000
48.832031
49.125000
48.832031
48.832031
48.832031
49.125000
49.125000
48.832031
48.246094
48.539063
48.832031
49.125000
49.710938
49.125000
49.710938
49.417969
49.125000
49.125000
49.417969
49.125000
49.125000
49.125000
49.125000
49.125000
49.125000
49.125000
49.417969
49.125000
49.417969
49.125000
49.417969
49.125000
49.125000
49.417969
48.539063
49.417969
49.125000
49.125000
48.832031
48.832031
49.125000
48.832031
49.417969
49.125000
49.417969
49.125000
48.832031
49.417969
49.417969
49.125000
48.832031
49.125000
49.417969
49.125000
49.125000
49.125000
48.832031
49.710938
49.125000
49.125000
49.125000
49.417969
49.125000
49.125000
49.125000
48.246094
48.832031
49.125000
49.417969
49.125000
49.125000
49.417969
49.125000
49.417969
49.710938
49.417969
49.710938
49.417969
49.417969
49.125000
49.710938
49.417969
49.125000
49.417969
49.125000
49.417969
49.417969
49.417969
49.710938
49.125000
49.125000
49.417969
49.710938
49.417969
49.125000
49.125000
49.710938
49.417969
49.417969
49.417969
49.125000
49.417969
49.417969
49.710938
49.417969
49.125000
49.125000
49.417969
49.125000
49.417969
49.417969
49.417969
49.417969
49.417969
49.417969
50.296875
49.417969
49.710938
50.003906
49.125000
50.003906
49.710938
49.125000
49.417969
49.417969
49.710938
49.417969
49.710938
49.417969
49.417969
49.417969
49.710938
49.710938
49.710938
49.710938
49.417969
49.710938
49.417969
49.710938
49.417969
49.417969
49.710938
49.710938
49.125000
49.417969
49.417969
50.003906
49.417969
49.417969
49.417969
49.417969
49.710938
49.710938
49.417969
50.003906
49.417969
49.417969
50.003906
49.710938
49.710938
49.417969
49.710938
50.003906
49.417969
49.710938
49.710938
49.417969
49.417969
49.417969
50.003906
49.710938
49.710938
49.710938
49.710938
49.417969
49.417969
49.417969
49.417969
49.710938
49.710938
49.710938
49.710938
49.417969
49.417969
49.710938
50.296875
50.003906
49.710938
49.710938
49.710938
49.710938
49.710938
50.003906
49.710938
49.417969
50.003906
49.710938
49.417969
49.417969
49.417969
49.417969
50.003906
49.710938
50.003906
49.710938
49.417969
49.710938
50.003906
50.003906
50.003906
49.710938
49.125000
49.417969
49.710938
50.003906
49.125000
50.296875
50.296875
50.296875
49.710938
49.710938
49.417969
49.710938
49.710938
49.710938
50.003906
49.417969
50.003906
50.003906
49.710938
50.003906
50.003906
50.003906
49.710938
50.003906
50.003906
50.003906
50.003906
49.710938
50.296875
49.710938
50.296875
49.710938
50.296875
50.003906
50.296875
50.003906
50.296875
49.417969
49.417969
50.296875
50.003906
50.003906
50.003906
49.417969
50.296875
50.296875
50.003906
50.296875
49.710938
50.296875
50.296875
49.417969
50.003906
50.003906
50.003906
50.003906
50.003906
50.003906
50.296875
50.003906
49.710938
50.003906
49.417969
50.589844
50.003906
50.003906
50.003906
49.710938
50.296875
50.003906
50.003906
50.003906
49.710938
50.003906
50.296875
50.296875
50.003906
50.003906
49.710938
50.589844
50.003906
50.003906
49.710938
50.003906
50.003906
50.296875
50.296875
49.417969
50.003906
50.296875
50.003906
50.003906
50.296875
50.003906
50.003906
50.296875
50.003906
50.296875
50.003906
49.710938
50.296875
50.296875
50.003906
50.003906
50.003906
50.003906
50.296875
50.003906
50.003906
50.003906
50.296875
50.296875
50.589844
50.003906
50.296875
50.003906
50.296875
50.003906
50.882813
50.003906
50.003906
50.589844
50.296875
50.003906
50.296875
50.003906
50.003906
50.589844
50.003906
50.003906
50.296875
50.296875
50.296875
50.296875
50.296875
50.003906
50.589844
50.003906
50.003906
50.003906
50.003906
50.589844
49.710938
50.296875
50.296875
50.589844
50.296875
50.296875
50.003906
50.589844
50.296875
50.296875
50.296875
50.003906
50.296875
50.296875
50.589844
50.003906
50.003906
50.589844
50.882813
50.882813
50.003906
50.003906
50.003906
50.589844
50.003906
50.589844
50.589844
50.589844
50.882813
50.589844
50.296875
50.003906
50.296875
50.003906
50.882813
50.882813
50.003906
50.003906
50.003906
50.589844
50.296875
50.003906
50.589844
50.296875
50.003906
50.589844
50.882813
50.589844
50.296875
50.882813
50.882813
50.882813
50.882813
50.003906
50.589844
50.003906
50.296875
50.003906
50.882813
50.882813
50.589844
50.589844
50.882813
50.882813
50.589844
50.589844
50.589844
50.589844
50.589844
50.882813
50.296875
50.003906
50.882813
50.882813
50.296875
50.003906
50.882813
50.589844
50.589844
50.589844
50.882813
50.589844
50.882813
50.589844
50.003906
50.882813
50.882813
50.003906
51.175781
50.589844
50.882813
50.882813
50.003906
50.003906
50.882813
50.882813
50.882813
50.589844
51.468750
50.589844
51.175781
50.882813
51.175781
50.589844
51.468750
51.468750
50.882813
51.468750
51.468750
51.175781
50.589844
50.589844
51.468750
50.589844
51.175781
51.468750
50.589844
51.175781
50.882813
51.175781
51.175781
50.589844
50.589844
50.589844
51.175781
50.589844
50.589844
50.882813
50.589844
50.882813
50.882813
50.882813
51.468750
51.468750
50.589844
51.468750
51.175781
50.882813
51.468750
51.175781
50.882813
51.175781
51.175781
51.175781
51.468750
51.175781
50.882813
50.882813
51.175781
51.468750
51.468750
50.589844
50.882813
51.468750
51.468750
51.468750
51.468750
51.468750
51.468750
51.468750
51.175781
51.175781
51.175781
51.468750
51.468750
51.175781
51.468750
51.468750
51.175781
51.761719
51.468750
51.175781
51.468750
51.468750
51.175781
51.175781
51.468750
51.175781
50.882813
50.589844
51.468750
51.175781
51.175781
51.175781
51.468750
51.175781
51.468750
51.468750
51.175781
51.175781
51.175781
51.175781
51.175781
51.175781
51.468750
51.468750
51.175781
51.175781
51.468750
51.468750
51.468750
51.468750
50.882813
51.468750
51.175781
51.468750
51.175781
51.175781
51.175781
51.175781
51.175781
51.175781
51.468750
51.175781
51.468750
51.175781
51.468750
52.054688
51.468750
51.468750
50.589844
51.761719
51.175781
51.468750
51.175781
51.468750
51.175781
51.468750
51.761719
51.761719
51.761719
51.468750
51.175781
51.175781
51.468750
51.761719
51.761719
51.175781
51.468750
51.468750
52.054688
51.468750
51.761719
51.468750
51.468750
51.761719
51.761719
51.761719
51.175781
51.175781
51.468750
51.761719
51.468750
50.589844
51.468750
51.761719
51.175781
51.761719
51.175781
51.468750
51.468750
51.175781
51.468750
51.175781
52.054688
51.761719
51.468750
51.468750
51.761719
51.468750
51.468750
51.175781
51.468750
52.054688
51.468750
52.054688
51.761719
51.175781
51.468750
51.761719
51.468750
51.761719
51.175781
52.054688
51.468750
51.761719
52.054688
51.761719
51.761719
52.054688
51.761719
51.761719
51.175781
51.761719
51.761719
51.468750
51.761719
51.468750
52.054688
51.175781
51.761719
51.761719
51.175781
51.761719
51.761719
52.054688
52.054688
51.761719
52.054688
51.761719
51.761719
51.761719
52.054688
51.761719
52.054688
51.761719
51.761719
52.054688
51.761719
51.468750
52.054688
52.054688
51.761719
51.175781
52.054688
52.054688
51.761719
52.054688
52.054688
51.468750
52.054688

