1022.154602 16.845739 8.916109 
1021.756470 17.139740 9.048287 
1022.157776 16.826969 9.300430 
1022.429993 17.027163 9.502144 
1022.562378 17.041437 9.517115 
1022.338928 17.134253 9.236292 
1022.245544 17.498625 9.694834 
1022.439209 17.731602 9.402867 
1022.618591 17.506128 9.498693 
1022.774292 17.638201 9.465555 
1022.593811 17.800510 9.585444 
1022.608032 17.803614 9.449555 
1022.351013 17.476288 9.316444 
1022.669983 17.369228 9.295356 
1022.778809 17.142776 8.753884 
1022.524231 17.043419 8.552507 
1022.357178 17.135698 8.891606 
1022.479736 17.598558 9.248285 
1022.707520 17.673388 9.000623 
1022.906433 17.628437 8.566898 
1022.443359 17.381397 8.805519 
1022.426697 17.398849 8.947616 
1022.767151 17.395107 8.902693 
1022.880920 16.963909 9.318154 
1022.642517 17.258944 8.930723 
1022.488403 17.309477 8.901379 
1022.828735 16.901413 9.317102 
1022.661804 16.801344 9.332482 
1022.564819 16.876625 9.332586 
1022.706848 16.931568 8.978869 
1022.613098 16.757435 9.013096 
1022.416077 16.663303 9.443077 
1022.315491 17.762156 8.832552 
1022.263367 17.429552 8.847241 
1022.124084 17.203281 8.919993 
1022.061462 16.741508 9.063595 
1021.730774 17.080147 8.739276 
1021.807800 17.294340 8.687221 
1021.710815 16.840927 8.511376 
1021.767456 16.724239 8.553701 
1021.983582 17.215858 8.599761 
1021.888062 16.997881 8.770809 
1021.933655 16.904709 9.163847 
1021.982300 17.199259 9.307478 
1022.301819 17.183519 9.471183 
1022.228027 17.270910 9.553347 
1022.254395 17.367651 9.204277 
1022.007141 17.487694 9.339822 
1022.175293 17.476429 9.240857 
1022.053650 17.863716 9.100686 
1022.053894 18.311172 9.073949 
1022.517700 18.110399 9.211159 
1022.547180 18.359375 9.699127 
1022.351135 17.947826 9.296502 
1022.218689 17.515623 8.937801 
1022.124939 17.645130 9.151041 
1022.452576 17.739651 9.504633 
1022.385254 17.726238 9.470306 
1021.977600 17.699968 9.747845 
1022.163879 18.224621 9.359876 
1022.737122 18.009531 9.142800 
1022.637268 17.906729 9.339440 
1022.679443 17.469149 8.630552 
1022.871765 17.759527 8.380642 
1022.928040 17.691305 8.412514 
1022.802246 17.707432 8.108611 
1022.591797 17.818079 8.438889 
1022.472229 17.289091 7.458711 
1022.815796 17.380920 7.491969 
1022.858826 16.904116 7.542975 
1022.685852 16.687960 8.083980 
1022.425476 17.074024 8.406983 
1022.180603 16.729568 8.579987 
1022.265259 16.989035 8.035190 
1022.172485 17.267574 7.816761 
1022.600403 17.002666 7.912609 
1022.588928 17.616821 8.135687 
1022.567566 17.092766 7.960350 
1022.550476 16.594931 8.381280 
1022.646606 16.379906 8.437424 
1022.552673 16.849194 8.555539 
1022.453125 16.631395 8.418231 
1022.617493 16.587793 8.735385 
1022.260986 16.720766 8.427908 
1022.268616 17.032049 8.730927 
1022.347900 17.407553 8.668342 
1022.374695 17.038910 8.398673 
1022.078979 16.868736 8.463538 
1022.214294 16.852108 8.632585 
1021.828613 16.633522 8.467668 
1021.581116 16.704702 8.921334 
1022.078491 16.394104 8.247268 
1022.525208 16.777157 8.196014 
1022.528748 16.595299 8.411212 
1022.226624 16.643847 8.546769 
1022.399719 16.382647 8.191615 
1022.318604 16.538082 8.200292 
1022.692871 17.112953 8.292633 
1022.540894 16.873337 8.610506 
1022.431519 16.138151 8.889205 
1022.331787 16.359638 9.014564 
1022.715637 16.224657 9.029450 
1022.895386 16.641521 8.893567 
1023.129883 16.776459 8.578854 
1023.244324 17.039738 8.705283 
1023.055237 16.506790 8.708826 
1023.233398 16.397974 8.772661 
1023.131897 16.582228 8.604129 
1023.001892 16.749662 8.871903 
1022.678284 16.970741 9.098323 
1022.834229 16.934340 9.035459 
1022.788208 16.710018 8.985167 
1022.665955 16.678135 8.810733 
1022.482788 16.967976 8.854186 
1022.372803 17.377270 8.913349 
1022.603210 17.447912 9.410939 
1022.566772 17.513313 9.566152 
1022.244812 17.495129 9.678122 
1022.219055 17.531294 9.621297 
1021.978821 17.409374 9.758838 
1022.116028 17.353352 9.685870 
1022.640625 17.147667 9.578696 
1022.572327 17.030510 9.163557 
1022.273682 16.813166 9.038846 
1022.461731 16.671019 9.073277 
1022.282776 17.012220 9.100821 
1022.103027 16.931654 9.098457 
1021.849426 17.087088 8.913566 
1021.975952 17.513641 8.973053 
1022.077148 17.396490 9.496443 
1022.353333 17.673538 9.329555 
1022.074036 17.793343 9.293644 
1022.192200 17.715986 9.399116 
1022.396545 17.527691 9.410293 
1022.425842 17.439703 9.077634 
1022.534668 17.293089 9.482507 
1022.585144 17.433275 9.257405 
1022.296143 17.799263 9.113924 
1022.882324 17.423676 8.925940 
1022.912048 17.660419 9.287951 
1022.667419 17.569534 8.564961 
1022.483948 17.667997 8.828369 
1022.410339 17.459707 9.136695 
1022.375854 17.357126 8.883156 
1022.275085 17.545931 8.729125 
1022.316467 17.205824 8.691300 
1022.495972 17.451984 8.136440 
1022.322388 17.648123 8.680752 
1022.732544 17.873671 8.359801 
1022.828857 18.153641 8.310441 
1022.625305 18.110783 8.246552 
1022.669861 18.458532 8.207642 
1022.888489 18.053154 8.091113 
1022.929199 17.658415 7.668490 
1022.888550 17.749346 8.037992 
1022.648621 17.733313 8.284794 
1022.822693 17.853447 8.433435 
1022.778931 17.463221 8.174149 
1022.902527 17.508007 8.052119 
1023.355225 17.590132 8.100895 
1023.131775 17.485275 7.956916 
1022.965210 17.309870 7.756333 
1022.795349 17.412565 8.169267 
1022.952271 18.262054 8.524014 
1023.114441 17.679043 8.893210 
1022.902527 17.780880 8.993368 
1022.964844 17.476175 9.195495 
1023.283081 17.270269 9.515796 
1023.403442 17.334223 9.271836 
1023.255737 17.413858 9.027869 
1022.930176 17.521420 8.881495 
1022.828369 17.913033 8.739996 
1022.893311 17.753902 9.029397 
1022.847656 18.198067 8.907118 
1022.774536 18.110249 8.809295 
1022.655029 18.128551 8.731036 
1022.681396 17.993595 8.583029 
1022.653748 18.076372 9.160023 
1023.046387 17.906073 9.060418 
1023.018921 17.616985 9.358934 
1022.948120 17.620232 9.292747 
1022.696289 17.441326 9.459398 
1022.775452 17.459068 9.495118 
1022.582581 17.340181 8.974694 
1022.599060 17.039179 8.899956 
1022.758667 16.720615 8.888965 
1022.654541 16.521074 8.928971 
1022.302856 16.375441 9.034177 
1022.167908 16.549301 8.947541 
1022.486938 16.297165 9.036833 
1022.473755 16.591051 8.766666 
1022.426575 16.822021 8.782333 
1022.632874 17.105949 8.770467 
1022.578308 17.247255 8.675573 
1022.668823 16.938398 8.477658 
1022.643677 17.026093 7.843527 
1022.525940 16.974737 7.995021 
1022.578125 16.459351 8.287017 
1022.924927 17.022532 8.618214 
1022.909546 16.724945 8.700171 
1022.775208 17.002140 8.387536 
1022.899536 16.726543 8.296029 
1022.950256 16.756113 8.442423 
1022.990784 16.926010 8.083738 
1022.693848 17.082968 8.284791 
1022.773499 17.016249 8.152833 
1022.580994 16.901634 8.571866 
1022.487976 17.197014 8.833893 
1022.511169 17.231319 9.238714 
1022.932312 17.108042 9.562572 
1022.952026 17.347660 9.528857 
1022.833618 17.670858 9.489686 
1022.665710 17.643070 9.360749 
1022.616760 17.919420 9.379600 
1022.992432 17.972797 9.223880 
1023.024536 17.846960 8.782104 
1022.830627 17.590322 8.599483 
1022.712097 17.765568 8.880386 
1022.495300 17.712194 9.312510 
1022.370667 17.870993 9.536207 
1022.563721 18.118729 9.336966 
1022.205750 17.772192 8.921372 
1022.187805 17.717028 8.735298 
1022.185669 18.105234 8.952438 
1022.098511 18.207291 8.723551 
1022.577820 17.820349 8.564840 
1022.436646 17.933451 8.767272 
1022.348145 17.983038 8.526618 
1022.692139 17.706118 8.370694 
1022.491516 17.948956 8.441155 
1022.282227 17.631804 8.253524 
1022.492981 17.631046 8.652419 
1022.625000 17.218506 9.008135 
1022.596375 16.521906 9.304908 
1022.378296 16.870434 9.139727 
1022.362427 17.091845 9.593182 
1022.313171 16.907370 9.419146 
1022.310364 17.135281 9.340917 
1022.356873 17.169785 9.131933 
1022.345276 17.178488 9.452746 
1022.311646 17.333155 9.209197 
1022.321289 17.215324 8.989958 
1022.146057 17.409479 9.107367 
1021.932617 17.287510 9.164693 
1022.237671 17.462164 9.173954 
1022.652527 17.688511 9.071563 
1022.722900 17.760441 9.482881 
1022.442932 17.790850 9.477304 
1022.414124 17.763605 9.424044 
1022.476501 17.677801 9.027635 
1022.294617 17.714056 8.991108 
1022.478516 17.822914 8.717886 
1022.698792 17.539814 8.767709 
1022.643250 17.168400 8.380567 
1022.732971 17.012682 8.522253 
1022.731567 17.080307 8.342802 
1022.730469 17.360376 8.272442 
1022.717346 17.696619 8.533354 
1022.938660 17.513556 8.790883 
1022.652100 17.857855 9.021306 
1022.496094 17.598274 8.949445 
1022.273682 17.524178 8.916356 
1022.254333 17.321783 8.426285 
1022.519470 17.091669 8.217228 
1023.134155 16.775406 8.245182 
1022.942749 17.319120 8.255345 
1022.484619 16.826054 8.873476 
1022.386475 17.174810 8.904381 
1022.637390 17.363430 9.209704 
1022.740540 17.319818 9.466164 
1022.627808 17.287989 9.549331 
1022.793823 17.297718 9.457265 
1022.694885 17.617929 9.578812 
1022.688904 17.143013 9.395450 
1023.135498 17.010633 9.358560 
1022.783142 17.461750 9.505519 
1022.747314 17.605810 9.617415 
1023.206665 17.677994 9.438532 
1023.134949 17.516441 9.649225 
1023.199585 17.530371 9.598180 
1022.592468 17.408701 9.288944 
1022.802185 17.929644 9.200155 
1022.616150 17.667149 9.129125 
1022.796692 17.426128 9.011300 
1022.404358 17.349100 9.161040 
1022.285706 17.325840 9.183232 
1021.995544 17.490139 9.005786 
1021.763428 17.198063 8.985828 
1021.907166 17.133209 8.750262 
1021.633301 16.819910 8.066446 
1021.681030 16.972572 8.331957 
1022.158447 17.051033 8.593165 
1021.759583 16.976461 8.850932 
1021.830872 16.328772 9.008346 
1022.046509 16.399883 9.122076 
1022.121399 16.847294 9.200861 
1022.047119 16.695927 8.556289 
1022.085266 16.997440 8.626231 
1022.006042 17.250458 9.060385 
1022.186646 17.385683 9.041708 
1022.233521 17.583254 8.709566 
1022.283203 17.480255 8.724453 
1022.371765 17.388603 8.809563 
1022.210815 17.239315 8.853251 
1022.570068 17.426989 8.754001 
1022.381653 17.563961 8.638000 
1022.304138 17.812244 8.545200 
1022.425110 17.548506 8.592960 
1022.424316 17.454895 8.814168 
1022.936035 17.419533 8.930135 
1022.955017 17.492601 8.839908 
1022.457825 17.677767 8.950727 
1022.499268 18.109539 9.100381 
1022.434814 17.897320 9.012705 
1022.163635 17.824831 8.796164 
1022.288330 17.574171 8.964531 
1022.571045 17.984491 8.916224 
1022.211609 17.591822 8.645780 
1022.229065 17.437071 8.673424 
1022.523682 17.604279 8.902939 
1022.844727 17.314325 8.720551 
1022.430603 17.531174 8.952841 
1022.209106 17.129133 8.992272 
1022.031860 17.461929 9.023818 
1022.341492 17.754257 9.232055 
1022.284180 17.984091 9.227844 
1022.360352 17.871681 8.821876 
1022.299255 17.081020 8.570300 
1022.518799 17.327938 8.869240 
1022.609009 17.607027 9.047392 
1022.742188 17.168016 8.884913 
1022.433960 17.309034 8.998931 
1022.626587 17.131802 8.980345 
1022.829468 17.447397 9.038676 
1022.332947 17.809570 8.780341 
1022.265137 17.694870 9.049473 
1022.247498 17.429882 9.179379 
1022.379822 17.203524 9.344303 
1022.522278 17.549183 9.232243 
1022.794800 17.554266 9.410995 
1022.976257 17.689812 9.407596 
1022.901794 18.002974 9.295076 
1022.842224 17.918423 9.253861 
1022.745789 18.021507 9.330689 
1022.900452 17.849550 9.428752 
1022.487366 17.246143 9.177801 
1022.632690 17.547329 8.916040 
1022.602539 17.618832 8.853032 
1022.346619 17.127193 8.741626 
1022.300476 17.312199 8.493900 
1022.702759 17.167070 8.222520 
1022.768433 17.176506 8.249416 
1022.528137 16.936201 8.490533 
1022.396912 17.403517 8.573627 
1022.487122 17.316116 8.359501 
1022.571472 17.417124 8.383401 
1022.638977 17.523802 8.597721 
1022.534363 17.206152 8.537376 
1022.292114 17.303907 8.232901 
1022.354492 17.358774 8.562720 
1022.587402 17.266981 8.460576 
1022.493103 17.265905 8.342260 
1022.503113 17.182722 8.064609 
1022.474487 16.775942 7.866887 
1022.476013 17.303032 7.989310 
1022.343018 17.489971 8.282448 
1022.212219 17.890081 8.187558 
1022.119751 17.687712 8.038446 
1022.216614 17.457617 8.224157 
1022.220886 17.256723 8.360526 
1022.382935 17.489132 8.835621 
1022.707764 17.131411 8.544697 
1022.979797 16.853849 8.873158 
1022.916809 16.997343 8.904126 
1022.793274 16.871357 8.819101 
1022.853027 17.323233 9.117081 
1023.022827 17.224564 8.818665 
1022.902466 17.037193 8.848331 
1022.623169 17.032278 9.201466 
1022.607117 17.473639 9.544972 
1022.618713 17.004745 9.282978 
1022.481567 17.486504 9.280783 
1022.213257 17.211889 9.449826 
1022.352417 17.439932 9.475261 
1022.768738 17.935957 9.227208 
1022.930969 17.984867 9.004367 
1022.999756 17.542658 8.838293 
1022.969421 17.153996 8.058834 
1023.213501 17.315279 7.947667 
1023.201416 17.894419 7.992934 
1023.020935 17.921591 8.492747 
1022.754578 17.265762 8.319198 
1022.614685 17.578127 8.582958 
1022.478333 17.492994 8.806167 
1022.357056 17.645094 8.887134 
1022.638245 17.129881 8.890907 
1022.497192 16.902172 8.796326 
1022.445374 16.406389 8.928061 
1022.257507 16.275259 8.435648 
1022.400024 16.789295 8.102718 
1022.636047 16.851351 8.007174 
1022.605225 16.979040 8.260139 
1022.751404 16.973356 8.718712 
1022.721924 17.232880 8.792769 
1022.795959 17.570608 8.913015 
1022.830750 17.091997 8.923812 
1022.943970 17.319469 9.005650 
1023.058960 17.386612 8.912519 
1022.540955 16.990667 8.691615 
1022.577942 17.327911 8.283092 
1022.412354 17.392773 8.285674 
1022.340881 17.604906 8.116940 
1022.539917 17.561975 7.981952 
1022.491760 17.613041 8.300961 
1022.904602 17.403118 8.556170 
1023.198303 17.216949 9.089736 
1022.957458 17.773214 8.760189 
1022.825745 17.503540 8.472151 
1022.647217 17.372639 8.461321 
1022.870361 17.128784 8.416057 
1022.853699 17.099125 8.453045 
1022.901367 17.275232 8.543636 
1022.585693 17.749834 8.921109 
1022.101379 17.651272 8.942488 
1022.360474 17.727654 8.861990 
1022.213989 18.047071 8.675591 
1022.340820 17.950607 8.380074 
1022.820435 17.583570 8.302258 
1022.606323 17.546404 7.935007 
1022.508240 17.815910 8.214605 
1022.039368 17.748936 8.767684 
1022.396301 17.551739 8.978347 
1021.962036 16.979349 8.817477 
1021.870850 16.990061 8.359382 
1021.822266 17.278030 8.188106 
1022.297424 17.163090 8.072886 
1022.212341 17.140642 7.653908 
1022.266296 17.272575 8.038527 
1022.724243 17.187592 8.138822 
1022.968567 17.142046 7.877457 
1022.920044 17.059366 7.778166 
1022.808044 16.966064 8.089132 
1023.218628 17.128681 8.655106 
1023.290894 16.785938 8.546684 
1023.007141 17.244410 8.032948 
1022.719116 17.282391 8.024558 
1022.842468 17.194754 7.993446 
1022.660583 17.839413 7.480557 
1022.673645 17.634253 7.863245 
1022.232727 17.945944 8.083997 
1022.172791 17.893278 8.223997 
1022.088257 17.640608 8.299397 
1021.862000 17.357319 8.567118 
1022.107971 16.903370 8.732494 
1022.036377 16.918129 8.266995 
1022.101074 17.027777 8.248396 
1021.982056 17.091324 7.794317 
1021.752625 17.253059 7.711653 
1021.971680 17.568855 7.743123 
1022.049316 17.453268 7.987898 
1022.392029 17.352427 8.037318 
1022.446594 17.608419 8.284255 
1022.246277 17.399746 8.347604 
1022.415405 17.428720 8.142083 
1022.416504 17.845377 7.867867 
1022.270996 17.341974 7.648493 
1022.142395 17.254721 7.521795 
1022.271301 17.734863 7.371636 
1022.484253 17.590906 7.239309 
1022.483826 17.469362 7.194447 
1022.544434 17.693764 6.975558 
1022.348938 17.478514 7.129846 
1022.387756 17.453251 7.338677 
1022.004028 17.253538 7.371542 
1021.880005 17.091299 7.300233 
1022.317627 16.972889 7.218787 
1022.557922 17.133661 7.031630 
1022.335327 17.020287 6.967304 
1022.169434 16.871624 7.294043 
1022.317322 16.565369 7.848234 
1022.094055 16.572563 7.742588 
1022.074036 16.775568 7.926470 
1021.887207 16.775414 8.012576 
1021.993958 16.956577 8.166861 
1022.152588 17.187675 8.729488 
1022.255066 17.339861 8.606191 
1022.227234 17.121342 8.239153 
1022.217163 16.747623 8.445723 
1022.453125 16.820938 8.610978 
1022.837097 16.874445 9.145782 
1022.607483 16.765181 8.939226 
1022.338379 17.130383 8.395781 
1022.142029 17.251404 7.855184 
1022.136841 17.271015 7.894547 
1021.913086 17.812674 7.950438 
1022.173279 17.581778 7.677950 
1022.161804 17.347342 8.069961 
1022.030640 17.242159 8.212769 
1021.864685 17.132433 8.217215 
1021.853943 16.492046 8.123172 
1022.052734 17.178230 8.450538 
1022.333801 16.937460 8.126830 
1022.302429 16.794693 8.319264 
1022.545715 17.135443 8.351212 
1022.703796 17.169903 8.230370 
1022.805847 17.260971 7.718895 
1022.753296 17.261518 7.992916 
1022.760010 17.509111 7.858333 
1022.460388 16.997675 7.970266 
1022.379333 17.151752 8.316013 
1022.631653 16.918135 8.202210 
1022.223511 17.291454 7.830568 
1022.360596 16.871778 7.826055 
1022.811890 17.504814 7.541844 
1022.867920 17.769077 7.363275 
1022.607727 17.632357 8.025620 
1022.729004 17.812725 7.884496 
1022.752808 18.076202 7.954597 
1022.710876 17.823551 8.059478 
1022.506531 17.886349 7.923782 
1022.602600 17.942041 7.486821 
1022.993286 17.775074 7.026456 
1023.086243 17.686172 6.792365 
1022.855591 18.214552 7.141892 
1022.817444 18.072842 7.275114 
1022.994385 17.771660 7.442691 
1022.843079 17.799038 7.613353 
1022.844055 17.456470 7.603482 
1022.918030 17.684355 7.656586 
1022.904053 17.224453 7.613668 
1022.856262 17.333744 7.664735 
1023.086426 17.347591 7.864188 
1022.599548 17.456575 7.535750 
1022.649231 17.288923 7.395000 
1021.975708 16.830467 7.347664 
1022.113586 17.441704 7.586132 
1022.236084 17.574701 7.374305 
1022.029053 17.062025 7.705044 
1022.083069 17.149279 7.835435 
1022.297058 17.196480 7.805548 
1022.626831 17.461643 7.854838 
1022.793091 17.358540 7.589271 
1022.767456 17.481045 7.242617 
1022.966553 17.570454 6.953094 
1022.784241 17.174282 7.087475 
1022.528564 17.280647 7.255980 
1022.275269 17.160522 7.463984 
1022.117493 17.670294 7.593800 
1022.007385 17.626179 7.685440 
1021.992493 17.445665 7.770952