-1029.944336 -19.991894 7.765379 
-1029.940308 -20.062162 7.578703 
-1029.851685 -20.031052 7.453763 
-1029.817383 -19.827070 7.585610 
-1030.046143 -19.628757 7.605688 
-1030.131470 -19.928967 7.536350 
-1029.894775 -19.653687 7.639480 
-1029.827393 -19.650530 7.758584 
-1030.176147 -20.060213 7.512267 
-1030.113525 -20.161465 7.473814 
-1029.892578 -19.938730 7.955451 
-1029.508423 -20.336473 7.938161 
-1029.591553 -20.214775 7.960929 
-1029.938599 -19.977638 7.832743 
-1029.984497 -19.738647 7.864395 
-1029.679565 -19.926771 8.133716 
-1029.667480 -20.031113 7.922173 
-1029.828613 -20.008389 8.094538 
-1030.140503 -19.134869 8.134830 
-1029.548218 -19.123558 8.130465 
-1029.525757 -19.428413 7.956172 
-1029.434570 -19.683870 7.926537 
-1029.654419 -19.441845 7.732029 
-1029.842529 -19.133368 7.466624 
-1029.651367 -18.974146 7.156699 
-1029.510742 -18.874418 7.335759 
-1029.532349 -19.131224 7.405807 
-1029.708252 -19.384569 7.620446 
-1029.861206 -19.602432 7.706757 
-1029.861572 -19.695520 7.739206 
-1029.715454 -19.796419 7.826165 
-1029.842529 -19.260317 7.773732 
-1030.017456 -19.643583 8.000185 
-1029.901123 -19.264126 8.144748 
-1030.141113 -19.551622 7.635559 
-1030.195313 -19.757313 7.901847 
-1030.275269 -20.187588 7.883078 
-1030.253784 -20.007235 7.855862 
-1029.980469 -19.809687 7.748690 
-1030.017944 -20.291731 7.443352 
-1029.718506 -20.264519 7.186882 
-1029.674194 -20.013945 7.298905 
-1029.748535 -20.391367 7.547124 
-1029.930054 -19.925249 7.757899 
-1029.575073 -20.095921 7.950919 
-1029.901001 -20.171045 7.958935 
-1029.807983 -20.555466 7.904348 
-1029.919312 -20.166656 8.216987 
-1029.712891 -19.645887 8.257190 
-1029.669678 -19.743713 8.228352 
-1029.744995 -20.078785 8.217482 
-1029.841797 -20.240936 7.879385 
-1029.797241 -20.128569 7.962708 
-1029.541992 -20.722218 7.870767 
-1029.581787 -20.759981 7.809413 
-1029.735596 -20.573309 7.809131 
-1029.846436 -20.305231 7.711305 
-1029.825317 -20.208452 7.791644 
-1029.698608 -20.352053 7.831515 
-1029.292236 -20.489819 7.948812 
-1029.833374 -20.491489 7.945050 
-1029.668457 -20.476229 7.722440 
-1029.585327 -20.465090 7.519952 
-1029.738403 -20.176809 7.723961 
-1030.178101 -20.180643 7.826169 
-1030.041870 -20.348236 7.785935 
-1029.896240 -20.371675 7.814748 
-1029.486938 -20.586536 7.410799 
-1029.366943 -20.545597 7.331639 
-1029.636963 -20.449800 7.402511 
-1030.121338 -20.363403 7.422609 
-1030.582031 -20.086115 7.658287 
-1030.670044 -20.345163 7.627230 
-1030.423218 -19.891527 7.675584 
-1030.328491 -19.565647 7.487907 
-1029.991333 -19.487396 7.564126 
-1030.026611 -19.792835 7.295701 
-1029.835327 -19.785046 7.349360 
-1029.926270 -19.993593 7.599689 
-1029.803833 -19.964525 7.616951 
-1029.657104 -20.437696 7.264761 
-1029.429932 -20.288652 7.397809 
-1029.431152 -20.443546 7.431047 
-1029.749268 -20.375319 7.689437 
-1029.759766 -19.633383 7.615550 
-1029.792603 -19.685150 7.422240 
-1029.940918 -20.448030 7.365192 
-1030.205933 -20.444510 7.173154 
-1030.076294 -20.738573 7.263523 
-1029.826294 -20.326971 7.189418 
-1029.772583 -20.471512 7.203335 
-1029.912720 -20.445169 7.458468 
-1029.975952 -20.804972 7.516174 
-1029.794800 -20.260075 7.672139 
-1029.576660 -20.241413 7.613911 
-1029.804688 -20.392590 7.677129 
-1030.011597 -20.206293 7.837503 
-1030.213623 -20.053846 7.709602 
-1030.155640 -19.992022 7.509682 
-1029.840942 -19.600830 7.569345 
-1029.772095 -19.958023 7.592676 
-1029.790283 -19.740810 7.464941 
-1029.438843 -19.714117 7.435953 
-1029.731079 -19.793510 7.620162 
-1030.025879 -20.230486 7.303930 
-1029.981079 -20.153900 7.380344 
-1029.689087 -19.916729 7.319475 
-1029.943481 -20.188580 7.429380 
-1030.000610 -20.172754 7.419704 
-1029.924316 -20.424877 7.363163 
-1029.985229 -21.185671 7.330131 
-1029.863159 -20.916954 7.267105 
-1029.972900 -21.066904 7.399683 
-1030.353516 -20.731396 7.444747 
-1030.450562 -20.387650 7.297798 
-1029.999878 -20.294422 7.486351 
-1030.131104 -20.200563 7.355480 
-1030.260498 -20.230938 7.445984 
-1030.241943 -19.989435 7.054788 
-1030.178345 -20.109808 7.315230 
-1030.188477 -20.280058 7.181984 
-1030.050171 -20.321917 7.636588 
-1030.122559 -19.676805 7.548870 
-1029.594849 -19.947556 7.649496 
-1029.514282 -19.996843 7.437197 
-1029.681641 -20.576641 7.328357 
-1029.754517 -20.241745 7.204686 
-1030.105591 -19.964363 7.386349 
-1029.959473 -20.289263 7.324279 
-1029.903564 -20.460470 7.347823 
-1029.871094 -20.585426 7.586258 
-1030.198853 -20.841419 7.825807 
-1030.034058 -20.484430 7.553845 
-1029.609497 -20.586433 7.787676 
-1029.538208 -20.117056 8.072341 
-1029.346924 -20.169991 7.836473 
-1029.340332 -19.780157 7.757578 
-1029.481445 -19.512119 7.560263 
-1029.240601 -19.530727 7.548810 
-1029.413940 -19.972776 7.710448 
-1029.210938 -19.570305 7.864159 
-1029.487793 -20.018141 7.743127 
-1029.623779 -19.982443 7.902502 
-1029.819702 -19.506645 7.221881 
-1029.767334 -19.938721 7.265905 
-1029.664429 -20.254068 7.179124 
-1030.204346 -20.302948 7.573299 
-1030.221436 -19.893675 7.522639 
-1029.954590 -19.842163 7.799312 
-1029.716675 -20.035280 7.447249 
-1029.953369 -20.406939 7.592599 
-1030.154907 -19.821257 7.684480 
-1030.084351 -19.459719 7.818984 
-1030.027832 -19.311209 8.097387 
-1029.897217 -19.927919 7.758910 
-1030.024536 -19.867155 7.646728 
-1029.711670 -20.218317 7.520382 
-1029.534546 -19.947266 7.297306 
-1029.661255 -20.309744 7.594645 
-1029.628418 -19.964554 7.722715 
-1029.931519 -20.157566 7.459172 
-1030.210571 -20.397312 7.455738 
-1030.250854 -20.423973 7.196790 
-1030.100098 -20.871899 7.392232 
-1030.040527 -20.687950 7.304585 
-1030.114868 -20.405380 7.393068 
-1029.722900 -20.017874 7.512655 
-1029.897339 -19.932808 7.571724 
-1029.902710 -20.266233 7.167579 
-1030.065552 -20.048155 7.527463 
-1029.951782 -20.498734 7.485971 
-1030.141479 -19.871773 8.074977 
-1029.854004 -19.842657 8.241181 
-1029.721558 -19.689571 8.422945 
-1029.749878 -19.792076 8.348756 
-1030.077515 -19.899847 8.082005 
-1030.266357 -19.978504 7.710004 
-1030.222290 -20.002953 7.436803 
-1029.906372 -19.856001 7.742842 
-1030.080688 -19.353241 7.707074 
-1030.256714 -19.579567 7.617459 
-1030.129150 -19.678831 7.679967 
-1029.941772 -19.355770 7.620173 
-1029.743042 -19.449575 7.450339 
-1029.925659 -20.028906 7.863471 
-1030.401123 -20.072697 7.730377 
-1030.183716 -20.467207 7.562901 
-1030.353760 -20.255264 7.646257 
-1030.536255 -20.402699 7.337006 
-1030.438232 -20.098314 7.650805 
-1030.042603 -20.205751 7.535844 
-1030.031128 -20.251205 7.590275 
-1030.192749 -20.136065 7.682620 
-1030.053589 -20.315701 7.622296 
-1030.052124 -20.133696 7.696037 
-1030.014282 -19.984381 7.596429 
-1029.886475 -20.007240 7.553343 
-1029.893921 -20.205200 7.506675 
-1029.838989 -20.086008 7.652340 
-1029.611938 -20.262688 7.805472 
-1029.869507 -20.490515 7.720578 
-1030.094116 -20.002678 8.132690 
-1029.901489 -19.971157 8.421553 
-1029.844971 -19.684479 7.981642 
-1029.616821 -19.557646 7.519914 
-1029.507446 -19.811148 7.906931 
-1029.273560 -20.045603 7.630945 
-1029.025391 -20.315596 7.373556 
-1029.168457 -20.430250 7.606844 
-1029.551392 -20.530411 7.683676 
-1029.821167 -20.702389 7.854940 
-1029.805176 -20.119287 7.930952 
-1029.755737 -19.842030 8.174762 
-1030.021240 -19.985744 8.162410 
-1030.062744 -19.678646 8.091528 
-1029.561401 -19.969316 8.065098 
-1029.609497 -20.095123 8.013679 
-1029.867554 -19.511282 7.704143 
-1029.866699 -19.694912 7.834714 
-1029.548706 -19.960770 8.061172 
-1029.635986 -19.907612 8.022738 
-1029.839966 -19.621622 7.625990 
-1030.015381 -19.857841 7.589192 
-1030.631470 -19.453461 7.681754 
-1030.416748 -19.454958 7.572803 
-1030.354858 -19.719723 7.424643 
-1030.305298 -19.978878 7.781914 
-1030.290039 -19.838430 7.982331 
-1030.509644 -19.900721 7.727865 
-1030.002075 -20.242813 7.621892 
-1029.693604 -20.261774 7.781114 
-1029.910522 -20.160255 7.713291 
-1029.754639 -19.987288 7.610232 
-1029.898315 -19.696251 7.393586 
-1030.147461 -19.714554 7.488668 
-1029.846558 -20.123421 7.308535 
-1029.886475 -20.405350 7.298628 
-1030.064819 -19.935453 7.571302 
-1030.048828 -20.053930 7.484442 
-1029.889648 -20.206318 7.524754 
-1030.103882 -20.004425 7.776603 
-1030.104492 -20.252584 8.429482 
-1030.361206 -20.384262 7.878186 
-1030.076904 -20.365644 8.070079 
-1029.997559 -20.615095 8.078663 
-1030.178101 -20.863073 8.036730 
-1030.432251 -20.730947 8.100784 
-1030.501343 -20.502680 7.920228 
-1030.215088 -20.434958 7.885582 
-1030.034912 -20.187777 8.016465 
-1029.793091 -20.617115 8.047972 
-1030.051025 -20.732710 8.256177 
-1030.269653 -20.817078 8.251942 
-1030.395752 -20.285389 8.077753 
-1029.996460 -20.128054 8.231202 
-1029.835571 -20.639444 8.134361 
-1029.777222 -20.106663 7.694497 
-1029.830933 -20.244804 7.595198 
-1029.666504 -20.510422 7.723158 
-1029.059204 -20.572443 8.081726 
-1029.524902 -20.288118 7.917181 
-1029.604736 -20.113565 7.529345 
-1029.534424 -20.546473 7.475276 
-1029.770996 -19.923094 7.785820 
-1029.960205 -20.077868 7.839056 
-1029.708984 -19.993074 7.552245 
-1029.886230 -20.145422 7.920596 
-1030.076782 -20.207174 8.081077 
-1030.229248 -20.087448 8.160662 
-1030.021851 -20.346136 8.382930 
-1029.953491 -20.122950 8.121544 
-1030.203735 -20.174294 7.888035 
-1030.160034 -19.849216 7.835428 
-1030.015259 -19.908592 7.976343 
-1029.984863 -19.984886 7.954874 
-1029.740845 -20.007610 7.791299 
-1029.765259 -19.958277 7.989840 
-1029.833618 -19.543242 8.380471 
-1029.985840 -19.586401 8.082977 
-1029.753906 -19.716778 8.271982 
-1029.629272 -19.696577 8.179186 
-1029.700439 -19.978464 7.995149 
-1029.928101 -20.200678 8.128519 
-1029.702148 -20.056744 7.720332 
-1029.905151 -19.681026 7.847665 
-1030.043091 -20.230787 8.095932 
-1030.177856 -20.121162 7.989546 
-1030.224731 -20.156509 8.380237 
-1030.115845 -20.182306 8.046189 
-1030.443481 -20.118736 7.974152 
-1030.351807 -20.220657 8.014121 
-1030.205200 -20.014891 7.911897 
-1030.002563 -19.617521 8.049717 
-1030.169800 -19.838367 7.745173 
-1030.083984 -19.571083 7.757739 
-1030.161743 -19.771517 7.914191 
-1029.870239 -20.478106 7.880753 
-1029.954224 -20.664215 7.890602 
-1030.216553 -20.717648 8.057081 
-1030.438599 -20.954399 7.775465 
-1030.213623 -21.324945 8.062572 
-1030.045898 -21.101000 7.938458 
-1030.058105 -20.525568 8.339366 
-1029.970337 -20.550539 7.879292 
-1030.034302 -20.321571 7.669834 
-1030.036621 -19.725992 7.795067 
-1029.721313 -20.082331 8.029454 
-1029.383667 -20.292963 8.058363 
-1029.699097 -20.627968 8.020491 
-1030.158936 -20.938387 7.941392 
-1029.965576 -20.654078 8.134314 
-1029.835205 -20.331221 7.886051 
-1030.157959 -20.375736 7.748441 
-1030.159912 -20.259911 8.016553 
-1030.393311 -20.422569 8.133442 
-1030.458008 -20.112816 8.141554 
-1030.692749 -19.804348 8.404243 
-1030.502441 -20.106560 8.199594 
-1030.032959 -20.162331 7.901676 
-1029.828125 -19.824005 7.846341 
-1029.981445 -19.412285 7.899673 
-1030.055298 -19.523783 7.905738 
-1030.102295 -19.572199 7.581190 
-1029.981201 -19.195547 7.772952 
-1030.067383 -19.036007 8.182562 
-1030.209473 -19.545790 8.217449 
-1030.206299 -20.489586 8.493926 
-1030.149780 -20.310043 8.259141 
-1029.775269 -20.129568 7.815113 
-1029.878174 -19.898972 7.703890 
-1030.058105 -20.258017 7.749112 
-1030.055664 -20.091597 7.907290 
-1029.882935 -19.904217 8.094831 
-1029.866699 -20.525518 8.013065 
-1029.939209 -20.929531 8.155052 
-1029.936157 -20.730013 7.805042 
-1030.153320 -20.254805 7.659234 
-1030.095215 -20.336445 7.615787 
-1030.244019 -20.461948 7.227230 
-1029.807739 -20.618294 7.292510 
-1029.794434 -20.189747 7.529808 
-1029.832520 -20.206566 7.402446 
-1029.984985 -20.087004 7.495757 
-1030.277832 -20.213976 7.521605 
-1030.072876 -19.894657 7.920485 
-1030.213867 -19.925278 8.093187 
-1030.021729 -20.310175 8.023950 
-1029.916748 -20.294458 7.773360 
-1029.747437 -20.085234 7.682688 
-1029.672974 -20.245644 7.841950 
-1029.857422 -20.082565 7.786360 
-1030.285522 -20.062422 7.900488 
-1030.171143 -20.453476 7.814362 
-1030.255859 -20.184813 7.861890 
-1030.226074 -20.235924 7.777912 
-1029.982666 -20.388582 7.600929 
-1029.800171 -20.532959 7.947343 
-1029.898193 -20.539454 7.480275 
-1029.854614 -20.165165 7.802020 
-1029.856323 -20.056787 7.547016 
-1029.589233 -19.664577 7.501613 
-1029.887939 -19.576080 7.745890 
-1030.090332 -19.560930 7.794912 
-1029.935059 -19.319159 7.834130 
-1029.859619 -18.598879 7.645904 
-1029.956055 -19.460470 7.611539 
-1030.047241 -19.262318 7.687431 
-1029.851807 -19.513206 7.674945 
-1029.719849 -19.613918 7.835756 
-1029.955933 -20.214767 8.245005 
-1030.449707 -20.092989 8.218604 
-1030.344604 -20.168905 7.697283 
-1030.004272 -19.977119 8.390427 
-1029.890625 -19.408678 7.761541 
-1030.019287 -19.817781 7.819633 
-1029.805054 -19.902128 8.073506 
-1029.926392 -20.243841 7.569005 
-1030.047974 -20.344923 7.946204 
-1029.730347 -20.155024 8.089363 
-1029.744629 -20.131784 7.959890 
-1029.719482 -19.867630 7.917312 
-1029.882446 -19.674839 8.017449 
-1029.658936 -19.764845 7.829160 
-1029.955933 -19.978849 8.032328 
-1030.059326 -20.184479 8.207062 
-1030.068848 -20.087364 8.334649 
-1029.978882 -19.769293 8.180519 
-1029.955688 -19.256998 8.313416 
-1029.900513 -19.476366 8.053732 
-1029.819824 -19.784786 7.797185 
-1029.828491 -19.235346 7.677348 
-1029.798828 -19.559441 7.752278 
-1029.543213 -19.944294 8.019623 
-1029.729980 -20.337759 8.162791 
-1029.829834 -20.017960 8.018633 
-1029.751099 -20.081188 8.196106 
-1029.566040 -19.764784 8.094085 
-1029.515625 -20.011765 8.036868 
-1029.707153 -20.175543 7.661695 
-1029.640747 -20.179718 7.825156 
-1029.404541 -19.836697 7.504525 
-1029.789063 -19.767618 7.528620 
-1029.633057 -19.914957 7.450296 
-1029.459473 -19.396269 7.668237 
-1029.393799 -20.121836 7.415589 
-1029.707275 -20.272358 7.286672 
-1029.713989 -19.640636 7.756937 
-1029.804810 -19.789320 7.986750 
-1029.718872 -19.930796 7.829000 
-1029.955078 -20.099968 8.129800 
-1030.034302 -19.910328 8.150840 
-1029.853638 -19.854317 7.923672 
-1030.087280 -20.373741 7.717537 
-1030.005859 -20.752840 7.808830 
-1029.891846 -20.057230 7.796464 
-1029.922729 -20.620714 7.908571 
-1029.739990 -20.718859 7.888457 
-1029.715820 -20.460897 8.006565 
-1029.586670 -19.943035 7.881452 
-1029.580933 -20.174820 8.013162 
-1029.698364 -20.327507 7.728129 
-1029.487305 -20.373026 7.878304 
-1029.708862 -20.224974 7.571443 
-1029.642090 -20.051001 8.045754 
-1029.649658 -19.825150 8.071404 
-1029.765503 -20.039343 7.823523 
-1029.406860 -20.376945 8.162018 
-1029.254028 -20.376150 8.188814 
-1029.424683 -20.210773 8.466452 
-1029.768555 -19.760485 8.407961 
-1029.519043 -19.629599 8.653969 
-1029.514648 -19.896622 8.204175 
-1029.389160 -20.140945 8.027340 
-1029.337524 -19.956713 8.471472 
-1029.494873 -20.320719 7.788530 
-1029.275757 -20.582306 7.804624 
-1029.344360 -20.526031 8.122499 
-1029.338257 -20.303684 7.937600 
-1029.308960 -20.026049 8.314280 
-1028.956177 -19.889338 8.042224 
-1028.991089 -19.707161 7.897779 
-1029.067871 -19.887312 7.953023 
-1029.251343 -20.018793 7.777618 
-1029.373657 -19.999397 7.844695 
-1029.154297 -20.314833 7.690956 
-1029.222778 -20.413216 7.933965 
-1029.448364 -21.094761 8.164971 
-1029.458130 -20.916523 8.166777 
-1029.612305 -20.572203 7.948621 
-1029.455078 -20.469219 7.810697 
-1029.378052 -20.311659 7.883358 
-1029.462891 -20.575693 7.990286 
-1029.628296 -20.669519 8.051429 
-1029.419067 -20.408407 8.161343 
-1029.642090 -19.706972 8.383474 
-1029.564331 -19.590542 7.682779 
-1029.599609 -19.851637 7.988423 
-1029.286255 -19.630207 8.184138 
-1029.413818 -19.798189 8.060111 
-1029.662231 -20.349257 7.997489 
-1029.360840 -20.125227 7.654591 
-1029.243286 -20.149235 7.758735 
-1029.050049 -19.929804 7.866188 
-1029.212646 -19.670776 7.830150 
-1029.794067 -19.926674 7.789120 
-1029.734619 -19.668493 7.780696 
-1029.443115 -19.760214 7.688557 
-1029.807739 -20.288582 7.822246 
-1029.977417 -20.262220 8.270797 
-1030.027710 -20.457214 7.995237 
-1029.933716 -20.006266 7.896790 
-1029.907349 -19.924335 7.769232 
-1029.971680 -19.782143 7.630586 
-1029.620483 -19.991474 7.873468 
-1030.192627 -19.902660 7.997192 
-1029.687500 -19.799282 8.032554 
-1029.478638 -20.086382 7.951043 
-1029.714111 -19.883932 8.056635 
-1030.183105 -19.406584 8.055708 
-1030.143433 -19.585539 8.115967 
-1029.953125 -20.194056 8.164173 
-1030.191284 -19.863640 8.336939 
-1030.113403 -19.507132 8.340951 
-1030.209717 -19.378771 8.258760 
-1029.823120 -19.219170 8.217408 
-1029.879883 -19.794827 8.098927 
-1030.315674 -20.033691 8.187141 
-1029.827881 -19.689764 8.363240 
-1029.944702 -19.775738 8.508392 
-1029.916138 -19.739607 8.795314 
-1030.051880 -19.878033 8.841851 
-1030.001953 -19.698910 8.708281 
-1029.876587 -19.947208 8.906425 
-1029.825073 -19.980112 8.686740 
-1029.759399 -19.987646 8.559792 
-1029.426270 -19.581156 8.385034 
-1029.196411 -19.366880 8.257427 
-1029.232178 -19.688398 7.996742 
-1029.431519 -19.890097 8.105393 
-1029.212769 -20.333937 8.265514 
-1029.375366 -19.712605 8.222320 
-1028.801880 -19.742970 8.395656 
-1029.319092 -19.896967 8.095124 
-1029.269287 -19.811605 8.098700 
-1029.424683 -19.666908 7.991760 
-1029.548950 -19.989769 7.845208 
-1029.380005 -19.895817 8.252566 
-1029.293579 -19.876686 8.200253 
-1029.346436 -19.846243 8.402403 
-1029.120361 -19.675709 8.490922 
-1029.329834 -20.210426 8.537337 
-1029.375488 -20.353495 8.525670 
-1029.131348 -20.359034 8.626136 
-1029.154053 -20.650305 8.388414 
-1029.015259 -20.394384 8.223532 
-1028.989624 -19.861532 8.030625 
-1029.335083 -19.555031 8.266701 
-1029.562622 -19.974035 8.187160 
-1029.403076 -19.834896 7.952728 
-1029.153442 -19.568550 7.948183 
-1029.185547 -19.555433 7.663946 
-1029.565063 -19.397545 7.643957 
-1029.832031 -19.282310 7.859766 
-1029.703979 -19.577238 7.873812 
-1029.491821 -20.204477 7.836250 
-1029.810059 -19.805328 7.745200 
-1030.085327 -19.924097 7.594568 
-1030.016479 -19.699572 7.576254 
-1029.668579 -19.815855 7.415204 
-1029.792847 -19.670010 7.493763 
-1029.843506 -19.497646 7.568810 
-1029.896240 -19.816797 7.811849 
-1029.926147 -20.000288 7.811079 
-1030.108765 -20.084768 7.651863 
-1029.949829 -20.690250 7.353691 
-1029.725098 -20.703690 7.505552 
-1029.740479 -20.169674 7.700242 
-1029.594238 -20.307272 7.599793 
-1029.684570 -20.308819 7.641435 
-1029.525024 -19.782604 7.589348 
-1029.629272 -19.579824 7.889278 
-1029.676025 -19.744938 7.934023 
-1029.872070 -20.293913 7.945418 
-1029.528687 -20.200191 8.222935 
-1029.571167 -20.148270 8.005748 
-1029.226929 -19.995018 7.966198 
-1029.476196 -19.586536 7.788159 
-1029.407104 -20.013508 7.828727 
-1029.522705 -19.979061 7.897782 
-1029.505371 -19.476013 7.867626