29.421688 993.660156 20.281677 
30.004389 994.937256 20.385727 
30.445614 996.182434 20.529945 
30.541962 996.283630 20.779539 
30.606800 996.752991 20.478691 
30.488800 998.065796 20.213305 
30.100609 997.921875 20.318651 
29.643663 997.882751 20.402925 
30.046743 998.150818 19.994528 
30.161797 998.494751 19.570213 
30.644243 998.696350 20.084778 
30.773996 998.431519 20.618427 
30.316595 998.567810 20.667143 
30.219076 998.634338 20.547514 
29.909260 998.814697 19.988211 
29.661407 998.765076 20.004368 
29.938927 998.613464 20.249094 
29.758341 999.244446 20.164276 
29.810617 999.712341 20.193417 
30.082693 999.469666 20.156334 
29.726955 999.440857 20.260868 
29.234964 999.996582 20.002895 
29.646572 999.874878 19.637917 
29.878258 999.621216 19.882732 
30.039206 999.353699 20.212786 
30.021564 999.471558 20.708628 
29.836651 999.557556 20.202501 
30.396320 999.307251 19.968401 
30.270657 999.256409 19.866520 
30.072525 999.219299 20.065617 
30.170219 999.241638 20.554293 
29.882376 998.911865 20.396235 
30.288696 999.202393 20.176521 
30.208958 998.932678 20.496616 
30.145166 998.768799 20.435493 
30.569933 998.995239 20.398794 
30.677946 999.094604 20.186436 
30.520357 999.249512 19.809149 
30.284485 999.247192 20.044119 
30.242188 999.064270 20.305296 
30.281549 998.700012 20.270237 
30.264240 998.945068 19.973789 
30.665192 998.563599 20.041632 
30.741953 998.713623 20.169106 
30.620363 998.641846 20.075884 
30.322018 999.245667 20.017868 
30.125814 999.458618 20.406294 
29.834652 999.235046 19.680035 
30.370321 999.137756 19.379627 
30.286457 999.066772 19.773703 
30.036366 998.932556 20.454962 
30.080292 999.263062 20.694969 
30.042233 998.927490 20.093975 
30.304586 998.880371 19.771780 
30.185070 998.664673 19.965424 
30.028456 998.622620 20.339939 
30.086164 998.427124 20.676151 
30.303131 998.894165 20.298521 
30.144644 998.919067 20.225655 
29.971716 998.627014 20.084524 
29.991972 998.512756 20.020420 
29.983778 998.412842 19.993536 
30.099222 998.554199 19.850029 
30.337978 998.953979 19.662024 
30.175182 998.586548 20.097219 
30.276747 998.664490 20.603975 
30.235998 998.886169 20.679979 
30.337599 999.130310 20.155184 
30.223679 998.468079 19.930548 
30.095943 998.627441 20.299839 
30.213354 999.007446 20.473270 
30.087683 998.493774 20.282616 
30.133547 998.926331 19.751892 
30.328838 998.714722 19.522514 
30.326471 998.856934 19.668411 
30.531977 999.125488 19.980330 
30.171782 998.909485 20.120064 
30.200825 998.636475 19.890251 
30.626659 998.915161 19.657600 
30.515928 999.316284 19.959480 
30.476143 999.081726 20.213184 
30.517515 998.679810 19.842747 
30.672611 999.144531 20.095398 
30.772289 998.841003 19.980318 
30.803232 998.652405 20.388454 
30.498587 998.531250 20.446564 
30.423456 998.687378 20.610762 
30.353365 998.952332 20.331610 
30.248491 998.931458 20.266888 
30.030394 998.669006 20.520111 
30.075516 998.625793 20.149288 
29.928612 999.055664 20.182030 
30.116089 999.089233 20.232624 
29.692671 999.212646 20.578098 
29.890738 998.907166 20.586079 
30.122391 999.195129 20.702263 
29.868513 999.075684 20.099810 
30.055811 998.527100 20.105848 
29.961649 998.835327 20.269279 
29.935120 998.730713 20.424423 
30.159054 998.232605 19.955736 
29.934443 998.603882 20.478588 
30.096354 998.808960 20.823671 
29.957483 998.991577 20.538538 
29.992786 998.894165 20.359230 
29.667229 999.235046 19.959583 
29.797182 998.857605 20.164467 
30.108545 999.076538 20.242973 
30.345436 998.923218 20.452179 
30.425148 998.630066 20.460943 
30.549919 998.712708 20.272755 
30.735136 998.904846 20.207603 
30.712509 998.715515 20.399483 
30.984077 998.643860 20.029345 
30.582262 998.739258 19.756676 
30.224209 998.446350 20.197340 
30.169567 999.040039 20.135073 
30.687054 998.797729 19.694859 
30.857042 998.291260 19.623287 
31.066235 997.938110 20.102829 
31.135988 997.911072 20.327864 
30.898991 998.616394 20.154091 
31.099792 998.669800 19.466072 
31.089634 998.214355 19.550058 
30.996107 998.656494 19.714848 
30.750486 998.995667 19.590479 
30.438417 998.321655 19.443846 
30.365334 998.833679 19.751877 
30.294666 998.762451 20.181301 
30.164932 999.007080 19.780642 
30.305145 999.383423 19.264914 
30.405117 999.443848 19.645330 
30.253294 999.553833 20.108265 
30.156235 999.073792 20.198011 
29.822388 998.393860 20.184408 
29.884710 998.457947 20.002726 
29.788168 998.587097 20.259981 
30.028135 998.780212 20.392586 
29.780909 998.674011 20.230268 
30.017820 999.215637 20.184412 
30.150856 999.041199 19.905130 
30.135284 998.485413 19.974504 
30.537628 998.228088 20.091003 
30.591103 998.732422 20.245203 
30.353283 998.721497 19.648762 
30.663227 999.158447 19.281410 
30.520782 999.230164 19.268127 
30.675226 999.579163 19.599102 
30.664581 999.866821 19.912682 
30.229065 999.565918 19.199745 
30.210052 999.247437 19.129597 
30.085041 999.674194 19.695677 
30.192432 1000.101013 20.404741 
29.756596 998.833679 20.220434 
29.661276 998.778931 19.531347 
29.487421 998.920227 20.541677 
29.433737 999.254089 20.959541 
29.598190 998.953918 20.769234 
29.949352 999.146851 20.458387 
30.266882 999.089905 20.258511 
30.252506 998.867065 20.672009 
30.155605 998.885681 20.746607 
30.090284 998.586182 20.562286 
30.550426 998.944336 20.427029 
30.576941 998.694885 20.331022 
30.646952 998.430420 20.290817 
30.458961 998.253906 20.283054 
30.601370 998.388733 20.276844 
30.654295 999.212219 20.174274 
30.660036 998.775024 20.238619 
30.933029 998.884399 20.619495 
30.724422 999.030151 20.899796 
30.581938 999.235413 20.880037 
30.711950 999.236938 20.449430 
30.620760 999.007324 20.153744 
30.474607 999.449463 20.356396 
30.430885 999.492004 20.372116 
30.615509 999.325317 20.213892 
30.702208 999.022400 20.111713 
30.539766 999.081482 19.944571 
30.531813 999.157532 20.152456 
30.235199 998.966431 19.937513 
30.056358 999.205383 19.732010 
30.157288 999.182068 20.202007 
29.872030 999.132080 20.248606 
30.131824 999.161499 20.066284 
30.217659 999.100586 19.713028 
30.322927 999.056091 19.503622 
30.309542 999.386230 19.421497 
30.445234 999.050354 19.477798 
30.175587 999.283142 19.535038 
30.386869 999.255249 19.483231 
30.714497 999.630432 19.173384 
30.891197 999.261536 19.413507 
30.264997 999.461731 19.118996 
30.214397 998.891235 19.064997 
30.161718 998.886841 19.155998 
30.131775 998.999023 19.399599 
30.608021 999.361023 19.631079 
30.318016 999.048462 19.926064 
30.220213 998.589600 19.796051 
30.434771 998.600769 19.777441 
30.203817 998.493591 20.299353 
30.641254 998.151672 20.777882 
30.747204 998.198792 20.941105 
30.502563 998.809937 20.778883 
30.624050 999.041748 20.441706 
29.670475 999.084961 19.901146 
29.543579 999.028259 19.898117 
30.039864 999.036316 20.225094 
30.217291 998.877380 20.523275 
29.944433 998.629578 20.164021 
30.165346 998.811218 19.327616 
30.451878 998.778992 19.780893 
30.449303 998.574219 19.948315 
30.008041 998.078674 19.813852 
29.911234 998.129028 20.096682 
30.285187 998.627197 20.030146 
30.572149 998.776550 20.416117 
30.203920 998.588928 20.310093 
29.718887 999.047791 20.584305 
29.643311 999.017578 20.444643 
29.729248 999.028503 20.845314 
29.956598 999.234192 20.677851 
30.065279 999.878723 20.641481 
29.664223 999.574585 20.404985 
29.489779 999.072449 20.288988 
29.496622 999.167419 20.281591 
29.453299 998.907166 20.226873 
29.723639 998.799622 20.085499 
29.927711 998.457458 20.118799 
29.822569 998.454895 20.023439 
29.897055 998.370667 20.398552 
30.042044 999.166077 20.588842 
30.133635 999.169861 20.338474 
30.377708 999.007813 19.894180 
30.463167 998.642334 19.990145 
30.067934 999.397339 20.384115 
30.032347 999.684692 20.260092 
29.967278 999.218750 19.880274 
30.208021 999.043518 19.417820 
30.425016 999.360535 19.792055 
30.598614 999.245850 20.189045 
30.383692 998.947937 20.506636 
30.199553 998.911743 20.675308 
30.223042 999.198425 20.712646 
30.376034 999.407715 20.718117 
30.404810 999.339050 20.267147 
30.619047 999.246643 20.166517 
30.485437 999.278076 19.951815 
30.488350 998.971436 20.182652 
30.319880 998.615784 20.660122 
30.416904 999.262573 20.993298 
30.116323 999.240234 20.527838 
29.900259 998.894348 20.362869 
29.922607 998.856140 20.645695 
29.928286 998.877686 20.774355 
30.128029 998.646240 20.767485 
30.251223 998.015869 20.713188 
30.605978 998.050232 20.572151 
30.657982 998.421387 20.727720 
30.357986 998.560425 20.595976 
30.532789 998.678345 20.588181 
30.233431 998.863281 20.508745 
30.335545 999.196045 20.481796 
30.356236 998.845642 20.972637 
30.226389 998.771179 20.877310 
30.281111 998.700317 20.947449 
30.324888 998.862854 20.698559 
30.347710 998.981506 20.621447 
30.390368 999.002197 20.620758 
30.180494 998.621765 20.730007 
30.378595 998.756104 20.890606 
30.585876 999.167236 20.518885 
30.324858 998.924988 20.543829 
30.433086 999.010376 20.656263 
30.422070 998.644226 20.465611 
30.291256 998.690125 19.971489 
30.028006 998.377502 20.295992 
29.829605 998.923889 20.628794 
30.012484 998.927124 20.516834 
30.219788 998.830627 20.244267 
30.397831 998.611877 20.075014 
30.235264 998.880737 20.281212 
30.373611 999.241760 20.568169 
30.411089 999.192139 20.492735 
30.270271 999.254761 20.493387 
30.039316 998.931763 21.044149 
29.924053 999.064758 21.093119 
30.027042 998.848694 20.375895 
30.268034 998.806396 20.302315 
29.960627 998.857910 20.804651 
30.056301 999.126221 21.169922 
30.035240 999.058350 20.852137 
30.054993 999.338379 20.536909 
29.814594 999.377991 20.504328 
29.780876 999.357483 20.600262 
29.766102 999.803894 20.689209 
29.449282 999.684753 20.394367 
29.720425 999.647278 19.951094 
29.558691 999.532043 20.025713 
29.405354 999.815979 19.790371 
29.673082 999.973755 19.541098 
29.679867 1000.303162 19.817478 
29.612093 1000.082153 20.062983 
29.679874 999.920837 20.027586 
29.746300 999.275757 20.182268 
29.970240 998.788452 20.074215 
29.832191 998.943665 19.951172 
29.953552 999.452454 20.450537 
30.001842 999.461243 20.606030 
29.759874 999.550049 20.645023 
30.029900 999.417114 20.334620 
29.831821 998.996887 20.885269 
30.233856 998.963928 20.734215 
30.226086 999.022278 20.430372 
30.341869 998.900085 20.150698 
30.056295 999.189941 20.268559 
30.254837 999.005981 20.460447 
30.340469 999.118896 20.089357 
30.689575 999.052979 19.865686 
31.029860 998.790649 19.808748 
30.765287 998.599182 19.726599 
30.578030 998.739624 20.283079 
30.440424 998.940979 20.167063 
30.696339 998.362854 20.306049 
0.510672 998.534180 20.502640 
30.667137 998.939392 20.830711 
30.609310 999.399902 20.824770 
30.148249 999.554749 20.332016 
30.059999 999.387573 20.218412 
30.416399 999.446838 19.798130 
30.323318 998.880371 20.071903 
30.053656 999.554565 20.071323 
29.728125 999.667603 19.765860 
29.650700 999.371094 19.863089 
30.101160 999.632568 20.026272 
30.095528 999.263123 20.254417 
30.017822 999.026428 20.449135 
29.833658 998.969055 20.385307 
30.189089 999.163574 20.017204 
29.970671 999.250427 20.271563 
30.100937 998.737000 20.353050 
30.266150 999.037964 19.893641 
29.971319 999.092834 19.940912 
29.735455 998.753845 20.344730 
29.510164 998.918396 20.448185 
29.488531 998.840759 20.591948 
29.617624 998.932434 20.255558 
30.038099 999.032288 20.132847 
30.313480 998.940369 20.205477 
30.192184 999.005127 20.580782 
29.985348 998.557983 20.759026 
30.198078 998.561218 20.206221 
29.941263 998.398804 20.105576 
29.760210 998.758179 20.232460 
30.432768 999.003967 20.443768 
30.434013 999.100952 20.478615 
30.593611 999.072876 19.981892 
30.526089 998.854614 19.730913 
30.008471 998.958984 19.822931 
30.094576 998.738525 20.689545 
30.395260 998.478760 20.894836 
30.184408 998.536377 20.839470 
30.393927 998.776184 20.563375 
30.427341 998.193115 20.867100 
30.563873 998.031250 21.158880 
30.543928 998.340210 20.181963 
30.596142 998.583557 20.110571 
30.759914 999.288513 20.578056 
30.768932 999.176819 20.061445 
30.849346 998.914001 19.635956 
30.742876 998.425537 19.881165 
30.816301 998.975403 20.345732 
30.423641 999.063660 20.351385 
30.268112 998.732544 19.928907 
30.460890 999.018188 19.737326 
30.798111 999.226685 19.584061 
30.738489 998.587830 20.266649 
30.641991 998.154541 20.471119 
30.442793 998.382141 20.354095 
30.234634 998.251587 20.272676 
30.641508 998.733093 20.488142 
30.710806 999.117493 20.636114 
30.741844 998.953125 20.742290 
30.437275 999.063843 20.339231 
30.645020 998.732666 20.028986 
30.811216 999.067749 20.036989 
30.517174 998.620178 19.945791 
30.477139 998.639587 19.836233 
30.591511 998.769104 19.772987 
30.414608 999.077881 19.600389 
30.809887 999.105469 19.498911 
30.699110 998.944336 19.881329 
30.439688 998.678406 20.455664 
30.415150 998.797424 20.488131 
30.346720 998.554688 20.233505 
30.413977 998.608276 20.054205 
30.821581 998.795715 20.227964 
30.635265 998.767700 20.513372 
30.852213 999.274597 20.936897 
30.537771 999.100708 20.397318 
30.139816 999.138611 19.697254 
30.102053 998.770752 19.466604 
30.230442 998.980225 20.038483 
29.991554 999.017700 20.154387 
29.885843 998.402344 20.247108 
30.008675 998.530029 20.187086 
30.375340 998.820984 20.431870 
30.327072 998.604858 20.896095 
30.150206 998.352539 20.920422 
35.356365 984.650879 23.458538 
30.883692 1002.731934 15.948629 
30.660553 1001.755859 22.189505 
30.555243 1001.949890 23.363604 
30.605194 999.669006 21.521282 
32.231155 999.701660 22.572826 
31.909325 999.264099 20.644661 
33.262260 999.488586 18.553129 
32.404808 999.339294 20.003103 
32.963245 999.197388 20.870283 
32.970795 999.159729 19.807226 
32.793835 999.972717 19.591181 
33.067066 999.857422 19.235344 
32.443851 999.493103 19.572876 
32.835880 999.342590 19.611101 
32.844505 998.524109 19.934481 
33.290604 999.591187 20.534784 
32.720284 999.315308 20.917427 
32.215225 999.015076 20.955141 
31.762381 998.878357 20.424112 
32.107704 999.009277 20.304291 
32.335163 998.923584 20.257233 
32.236530 999.207092 20.561186 
32.267426 998.952576 20.316349 
32.438541 998.832764 19.949678 
32.734032 998.745300 19.949142 
33.116825 998.813293 19.790113 
33.240059 998.961792 20.260691 
33.009247 998.641724 20.441952 
33.214996 998.605835 20.013561 
33.086796 998.892822 19.951448 
32.862236 999.316467 19.913960 
32.987587 999.394958 19.944967 
33.100071 999.534607 20.347973 
33.055859 999.471741 20.340979 
32.874088 999.228149 20.115784 
32.594471 999.116272 20.252827 
32.541576 998.803894 20.240461 
32.792061 998.856079 20.230570 
32.760647 998.910645 20.149456 
32.711117 998.868042 20.035765 
32.927692 998.952332 20.298613 
32.747154 998.651306 20.496691 
32.883324 998.332703 20.594152 
32.736057 998.676941 20.281721 
32.825645 998.648071 20.178177 
32.580116 998.561035 20.180742 
32.554493 999.156738 20.390194 
32.424194 999.047668 20.313755 
32.515156 998.490173 19.996405 
32.258526 997.885498 19.803524 
32.394821 998.498901 19.978619 
32.613655 998.880676 20.069895 
32.459324 998.796753 20.118515 
32.604259 998.570679 20.035412 
32.451809 998.998962 19.700529 
32.512848 998.965454 20.079224 
32.561680 999.270630 20.430979 
32.429943 999.476868 20.260983 
32.690556 999.479065 20.210386 
32.594044 999.645447 20.474909 
32.590034 999.552673 20.710928 
32.464828 999.007080 20.741142 
32.474464 998.790100 20.777514 
32.762772 998.961365 20.465012 
32.895817 998.872131 20.276009 
33.136452 999.004761 20.198008 
32.755562 999.002686 20.245405 
32.633850 999.149475 20.380924 
32.560879 999.306030 20.037939 
32.307304 998.810547 19.702551 
32.275242 999.108093 19.824640 
32.212994 999.275818 19.971111 
32.187595 999.233459 20.368889 
32.155075 999.400269 20.223511 
31.946060 998.978210 20.156008 
31.900848 999.395264 19.760406 
32.230679 999.370056 20.273525 
32.518944 999.368164 20.354620 
32.542156 999.729309 19.870497 
32.389923 999.267822 19.519798 
32.194939 998.914490 19.861439 
32.453751 999.348755 20.073751 
32.270401 999.764587 20.231401 
32.697121 999.326477 19.637722 
32.733498 998.841980 19.418978 
33.067596 998.982727 19.805182 
32.981075 999.217285 20.236145 
32.789860 999.421448 20.349115 
32.649086 999.372681 19.878292 
32.560867 999.205261 19.843233 
32.685493 999.017151 20.022587 
32.785194 999.110596 20.300270 
32.803955 999.096375 20.010015 
32.599365 999.151917 19.631413 
32.313690 999.554993 19.792130 
32.987953 999.008728 19.993904 
33.173561 999.120911 20.033323 
33.187847 999.499390 20.199059 
33.126080 999.643799 20.136446 
33.143120 998.921997 20.109388 
32.724297 998.826904 20.089111 
32.572239 999.054138 19.633690 
32.572590 999.434204 19.781752 
32.536270 999.019470 19.961201 
32.324215 998.799133 20.287760 
32.349773 999.248108 20.390408 
32.577618 999.097900 20.667727 
32.601295 999.070618 19.828180 
32.632435 998.951843 19.973944 
32.510948 999.194763 20.834755 
32.511360 999.091919 20.315603 
32.536087 998.786133 20.254082 
32.677868 998.908997 20.107265 
32.852295 998.965759 20.282612 
32.857635 998.743469 19.800690 
32.654507 998.762512 19.866552 
32.626205 999.155457 19.736242 
32.810963 998.964355 19.351395 
32.726971 998.907227 19.555916 
32.647575 999.228088 19.768333 
32.864662 998.984375 20.060266 
32.708931 998.773560 19.988813 
32.877144 999.081116 19.797451 
32.767715 998.860657 19.900560 
32.924171 998.584412 20.178247 
33.000538 998.514587 20.656597 
32.549229 999.073364 19.965677 
32.407784 999.316406 19.742342 
32.136028 999.263062 19.624674 
32.467621 999.734985 19.872139 
32.342495 999.222534 19.643110 
32.571796 999.046265 19.411089 
32.535637 998.241943 19.225471 
32.677509 998.231689 19.540577 
32.730007 998.932861 19.768261 
32.979404 998.950195 19.499008 
32.776325 998.699158 19.271406 
32.491859 999.026794 19.125925