-31.599472 -998.658142 10.799627 
-31.989862 -1000.051575 11.360711 
-32.155567 -1000.491760 11.247916 
-32.349113 -1000.565857 11.462797 
-32.198860 -1000.125549 11.341815 
-32.017666 -1000.364502 11.452466 
-32.019135 -1000.703674 11.638588 
-32.130112 -1001.445618 11.250651 
-32.206692 -1001.970642 11.135517 
-31.938547 -1002.485657 11.092213 
-31.955839 -1002.152954 11.338173 
-32.213673 -1002.404480 11.095737 
-32.590740 -1002.225525 10.938389 
-32.684994 -1002.408020 11.251712 
-32.626194 -1002.738953 11.355969 
-32.688953 -1002.617920 11.341776 
-32.885563 -1002.760315 10.818020 
-32.766079 -1003.043457 10.825092 
-32.800861 -1002.741272 11.173274 
-33.048290 -1002.454834 11.000420 
-33.112034 -1002.542419 10.776735 
-32.614025 -1002.606323 11.073588 
-32.325420 -1002.521118 11.237871 
-32.314137 -1002.244690 10.917897 
-32.329510 -1001.927612 10.783917 
-32.439407 -1001.926880 10.749934 
-32.149124 -1002.272461 10.612947 
-32.038898 -1001.931396 10.576558 
-32.475319 -1001.748413 10.645046 
-32.543854 -1001.730225 10.529037 
-32.708485 -1001.832275 10.887630 
-32.616150 -1002.083191 10.969683 
-32.680920 -1001.661438 10.837546 
-32.488735 -1001.864502 11.183237 
-32.591187 -1001.930298 11.154790 
-32.758549 -1001.846497 10.778232 
-32.611839 -1001.669922 10.794186 
-32.531071 -1001.936584 10.733748 
-32.283455 -1001.587402 10.624399 
-32.268364 -1001.299561 10.353919 
-32.158691 -1000.957642 10.381536 
-32.180752 -1001.630981 10.647629 
-32.113003 -1001.974060 10.714103 
-32.010002 -1002.125610 10.718482 
-32.807880 -1002.070557 10.811943 
-32.724503 -1002.229004 10.760155 
-32.096603 -1001.586548 10.499124 
-31.996883 -1001.661499 10.595299 
-32.173306 -1002.029297 10.660039 
-32.119244 -1002.479004 10.870431 
-32.075996 -1002.049194 10.965545 
-31.870598 -1002.114502 10.736636 
-32.243080 -1002.656555 11.004909 
-31.955463 -1002.837952 10.999927 
-31.993771 -1002.278198 10.751942 
-31.768217 -1001.853210 11.114754 
-31.563374 -1001.955017 10.880403 
-31.716700 -1001.880981 10.778322 
-32.022358 -1001.843445 10.916258 
-32.144886 -1001.568848 10.794806 
-32.340508 -1001.549683 11.222245 
-32.545807 -1001.436829 11.185996 
-32.746647 -1001.338013 10.925197 
-32.199718 -1001.760254 10.887358 
-32.067173 -1001.376282 10.881486 
-31.985538 -1001.590454 11.559989 
-31.969030 -1001.977478 11.492791 
-32.065624 -1001.699646 11.243833 
-32.008698 -1001.727539 11.264266 
-32.109558 -1002.028076 11.378213 
-32.361046 -1001.983765 11.335171 
-32.476837 -1001.308716 11.349537 
-32.130268 -1001.788330 11.385429 
-31.999414 -1002.220764 11.401943 
-32.163132 -1001.630005 11.476154 
-32.245304 -1001.511963 11.547724 
-32.311043 -1001.623535 11.104779 
-32.290436 -1001.622559 11.238423 
-32.139748 -1001.572449 11.479539 
-31.884998 -1001.733643 11.013631 
-31.937399 -1001.966614 10.823905 
-31.979319 -1002.120178 10.842924 
-32.061653 -1002.347595 11.028939 
-31.859123 -1002.398193 10.982552 
-31.965498 -1001.792480 10.384241 
-32.135998 -1001.597534 10.576592 
-32.601799 -1002.015625 10.986674 
-32.315639 -1001.694519 11.204940 
-32.355110 -1001.624939 11.367352 
-32.594090 -1001.705994 11.436281 
-32.553471 -1001.880493 11.357225 
-32.545376 -1001.661804 10.964581 
-32.673100 -1001.337402 10.833465 
-32.653278 -1001.380798 10.752972 
-32.844822 -1001.676147 10.895977 
-32.924858 -1001.644531 11.205582 
-32.427685 -1001.423706 10.989665 
-32.322746 -1001.509705 10.792532 
-32.360798 -1002.116272 10.878825 
-32.230110 -1002.071655 11.463534 
-32.579487 -1001.834290 11.354628 
-32.419788 -1002.007141 11.645702 
-32.353031 -1001.820129 11.719962 
-32.507027 -1001.568298 11.486569 
-32.447220 -1001.285645 11.177855 
-32.509174 -1001.112305 11.284684 
-32.656338 -1001.117615 11.723948 
-32.615471 -1001.500549 11.209158 
-32.619377 -1001.516357 10.992526 
-32.622501 -1001.841003 11.002221 
-32.454201 -1002.028503 10.826977 
-32.392761 -1001.868713 11.003982 
-32.185009 -1001.834473 10.450185 
-32.128609 -1001.595276 10.775748 
-32.730087 -1002.079834 10.621399 
-32.857471 -1002.087463 11.266520 
-32.886177 -1001.994141 11.319016 
-32.591942 -1001.744751 11.165812 
-32.588352 -1002.040649 11.275050 
-32.512283 -1001.317261 11.338040 
-32.878426 -1001.234253 11.461633 
-32.744339 -1001.256042 11.011506 
-32.649273 -1001.486206 11.383405 
-32.622017 -1001.818970 11.473524 
-32.746613 -1001.188416 11.094219 
-32.346088 -1001.140198 11.205575 
-32.843071 -1001.665344 11.258060 
-32.655056 -1001.554199 11.397649 
-32.736446 -1001.950989 11.375119 
-32.691757 -1002.355957 10.905695 
-32.802406 -1001.893433 10.761956 
-32.878723 -1002.149170 11.366765 
-32.659180 -1002.072144 11.277212 
-32.898342 -1001.818176 11.120170 
-32.894474 -1001.533936 11.153135 
-32.622978 -1001.936218 11.020908 
-32.759583 -1002.345154 11.110327 
-32.600468 -1002.149231 10.986661 
-32.582973 -1002.055664 10.851129 
-32.361580 -1002.119263 10.803703 
-32.428463 -1002.264526 11.180563 
-32.262371 -1002.518860 11.225850 
-32.434498 -1002.012329 11.164480 
-32.730797 -1002.054626 10.956784 
-32.638439 -1002.200867 11.120028 
-32.247353 -1001.961548 11.092022 
-32.007683 -1002.264771 10.886618 
-32.255146 -1001.925781 10.893094 
-32.599518 -1001.843201 10.605475 
-32.399216 -1001.881775 10.875581 
-32.177971 -1001.613281 10.628064 
-32.147377 -1001.994141 10.552052 
-32.000900 -1001.662354 10.637641 
-32.286320 -1002.326538 10.718313 
-32.478054 -1002.349915 10.721850 
-32.399643 -1002.680054 10.627080 
-32.495514 -1002.756226 10.465864 
-32.535610 -1002.383362 10.690691 
-32.482288 -1002.391357 10.748552 
-32.573830 -1001.853394 10.258041 
-32.427464 -1002.103455 10.317033 
-32.651970 -1002.038757 10.413026 
-32.587578 -1001.991577 10.660621 
-32.438461 -1002.171326 10.651297 
-32.563168 -1002.088318 10.412037 
-32.626335 -1002.176025 10.611030 
-32.933067 -1002.009338 10.953223 
-33.227253 -1002.184326 11.190378 
-33.121002 -1001.323242 11.050702 
-33.243401 -1001.914246 11.378161 
-33.011921 -1002.741150 11.164330 
-32.619335 -1002.322876 10.761463 
-32.683468 -1001.935242 10.914970 
-32.478573 -1002.393921 11.013376 
-32.326859 -1001.904663 11.323901 
-32.193287 -1001.564087 11.267321 
-31.976629 -1001.200134 10.941457 
-32.035103 -1000.753235 10.814965 
-31.740282 -1001.481812 11.128572 
-31.687426 -1001.618042 11.172058 
-31.852541 -1001.173645 10.523646 
-31.911432 -1000.964661 10.566117 
-32.092747 -1001.883301 10.929494 
-32.201199 -1001.746216 11.305595 
-31.836559 -1001.497864 10.996476 
-31.959648 -1001.464905 10.773581 
-32.180119 -1001.885864 10.875864 
-32.612694 -1002.193054 11.079691 
-32.324356 -1002.219543 11.035353 
-31.983885 -1001.464294 10.902282 
-31.943308 -1001.638184 10.881226 
-32.045048 -1002.226501 11.437780 
-32.114239 -1002.177979 11.565825 
-31.888990 -1001.499878 11.180260 
-32.111393 -1001.351074 11.091408 
-31.935514 -1001.192993 11.056926 
-32.002213 -1001.357788 10.968341 
-32.431545 -1001.997009 10.560695 
-32.850437 -1001.895142 10.790956 
-32.697548 -1001.870239 10.743364 
-32.416637 -1001.341187 10.876091 
-32.460308 -1001.301147 10.750473 
-32.300045 -1001.453186 10.588979 
-32.098637 -1001.432312 10.337783 
-32.035110 -1001.153442 10.319826 
-32.325890 -1001.674988 10.427461 
-32.326714 -1001.544800 10.647769 
-32.168770 -1001.252014 10.702015 
-32.396217 -1001.516235 10.794212 
-32.468372 -1001.264099 10.587370 
-32.201397 -1001.735107 10.848277 
-31.946518 -1001.901733 10.533022 
-32.242813 -1002.138733 10.524817 
-32.675049 -1001.899719 10.847654 
-32.593838 -1002.236145 10.935123 
-32.358070 -1001.888428 11.041698 
-32.437855 -1001.453369 11.187959 
-32.843285 -1001.152283 11.012167 
-32.569828 -1001.295105 11.261933 
-32.509663 -1001.102722 11.400746 
-32.424931 -1001.522644 11.084797 
-32.100945 -1001.993896 10.929638 
-32.146755 -1002.057678 10.805511 
-32.561604 -1001.922974 10.608608 
-32.795883 -1001.363220 10.853686 
-33.032108 -1001.465576 10.866749 
-32.733086 -1001.490845 11.365199 
-32.591469 -1000.981934 11.593160 
-32.331776 -1001.302612 11.067927 
-32.197220 -1001.454285 10.842942 
-32.174976 -1001.515564 10.992353 
-32.047382 -1001.757996 11.233883 
-31.945307 -1001.869019 10.658506 
-31.924644 -1002.015991 10.759405 
-31.676315 -1001.480530 10.913324 
-31.563053 -1002.062012 10.902260 
-31.740843 -1002.272217 10.942208 
-31.883074 -1002.277283 10.827766 
-32.004551 -1001.864502 11.093352 
-32.081841 -1002.045654 10.570482 
-32.412071 -1002.210815 10.749986 
-32.493256 -1002.660950 10.905788 
-32.594803 -1002.857605 10.786430 
-32.578442 -1002.490295 10.886145 
-32.614155 -1001.563049 11.112316 
-32.557323 -1001.759705 11.329853 
-32.792458 -1001.936218 11.406282 
-32.821964 -1001.883728 11.577226 
-32.821171 -1001.977295 11.579781 
-32.759537 -1002.160889 11.899024 
-32.820030 -1002.179565 12.008019 
-32.404823 -1002.061340 11.717015 
-32.414257 -1002.139832 11.472013 
-32.580406 -1002.312500 11.239410 
-32.627926 -1001.795837 11.187529 
-32.787941 -1001.731873 11.048423 
-32.757351 -1001.866455 10.973739 
-32.781681 -1001.816345 11.096991 
-32.703545 -1002.142334 11.317593 
-32.946037 -1002.380249 11.384274 
-32.566631 -1002.422058 11.230220 
-32.848705 -1002.304260 10.984976 
-32.732765 -1002.004028 11.081581 
-32.835213 -1001.636597 11.329665 
-32.636570 -1001.220093 11.113332 
-32.331257 -1001.278687 11.123265 
-32.196804 -1001.700500 11.131212 
-32.272243 -1001.415100 11.357170 
-32.283794 -1001.305664 11.269536 
-32.451637 -1001.159851 10.882229 
-32.720108 -1001.630249 10.926183 
-32.605488 -1001.957092 11.510346 
-32.562592 -1001.684753 11.697077 
-32.284271 -1002.145142 11.590261 
-32.147018 -1001.953857 11.297409 
-32.195816 -1001.979004 11.282727 
-32.003052 -1002.277527 11.429582 
-32.361240 -1002.347107 11.351866 
-32.598991 -1001.623352 11.289693 
-32.874592 -1001.968506 11.435154 
-33.180473 -1002.171021 11.819923 
-33.107979 -1001.857361 11.578739 
-33.013382 -1001.644897 11.544392 
-33.047504 -1001.572266 11.394914 
-32.818604 -1001.832336 11.507131 
-32.830685 -1001.709045 11.621305 
-32.730549 -1001.190613 11.602843 
-32.589439 -1001.290161 11.283074 
-32.683952 -1001.000244 11.344460 
-32.820560 -1001.497253 11.552168 
-32.588249 -1001.513916 11.376735 
-32.707397 -1001.625000 11.065588 
-32.607517 -1001.706055 10.999670 
-32.579937 -1002.254700 10.960302 
-32.908150 -1002.379883 11.098442 
-32.426521 -1002.405334 11.196754 
-32.004616 -1001.929504 10.885003 
-32.350292 -1001.730530 10.721003 
-32.321835 -1001.420532 10.760602 
-32.274666 -1001.754578 10.633681 
-32.444332 -1001.685242 10.458945 
-32.360466 -1001.486328 10.904757 
-32.305573 -1001.390625 11.054006 
-32.530060 -1001.600891 10.807405 
-32.697449 -1001.523682 11.134724 
-32.672760 -1001.154175 11.201379 
-32.421207 -1000.999878 11.047303 
-32.707966 -1001.035583 11.216843 
-32.327374 -1000.880371 11.157274 
-32.401100 -1000.833008 10.890019 
-32.203880 -1000.798401 10.761616 
-31.875305 -1001.119263 11.037092 
-32.100445 -1001.682983 10.989074 
-32.170757 -1001.731873 11.353259 
-32.275806 -1001.882935 11.315207 
-32.213444 -1001.927246 11.553166 
-32.407555 -1001.712402 11.584933 
-32.367645 -1001.638000 11.695746 
-32.360115 -1001.764954 11.589197 
-32.232090 -1002.055420 11.564958 
-32.227272 -1002.382751 11.606566 
-32.528419 -1002.341492 11.530053 
-32.586334 -1001.668701 11.310243 
-32.376469 -1001.869812 11.305194 
-32.684376 -1002.115417 11.215755 
-32.662300 -1001.932129 11.754205 
-32.717838 -1001.435791 11.379764 
-32.762272 -1001.633850 10.970411 
-32.834419 -1002.042114 10.850329 
-32.635937 -1001.680908 10.961663 
-32.660149 -1001.746826 10.623731 
-32.789318 -1001.481873 10.414385 
-32.856056 -1001.321411 10.637308 
-32.519043 -1001.352661 11.023046 
-32.273834 -1001.309509 11.160837 
-32.102066 -1001.772400 11.161270 
-32.281853 -1001.681763 10.661416 
-32.596481 -1001.912292 10.712933 
-32.835983 -1001.503723 10.924946 
-32.673786 -1001.287964 10.765157 
-32.824631 -1001.245850 10.942326 
-32.445103 -1002.039063 11.108460 
-32.470882 -1002.074158 11.046168 
-32.247505 -1002.346985 10.959735 
-32.642204 -1002.282410 10.890588 
-32.726162 -1001.922180 11.079270 
-32.622528 -1002.351379 11.340016 
-32.564022 -1001.873657 11.597413 
-32.517220 -1001.838074 11.510530 
-32.735977 -1002.141724 11.526424 
-32.923183 -1002.083191 11.648939 
-32.828945 -1002.172302 12.015351 
-32.814556 -1001.693481 12.052281 
-32.742046 -1001.426453 11.532825 
-32.476639 -1002.154419 11.666261 
-32.788910 -1001.433228 11.602208 
-32.648327 -1001.154114 11.123966 
-32.352859 -1001.378845 11.058573 
-32.397087 -1001.015503 10.933058 
-32.383671 -1001.590820 10.954646 
-32.397335 -1001.582214 10.849916 
-32.347267 -1001.411133 10.924733 
-31.892414 -1001.121460 10.752787 
-31.394331 -1001.717590 11.066629 
-31.801065 -1001.674744 11.488503 
-31.614052 -1001.643494 11.411202 
-31.781641 -1001.208679 11.581161 
-31.805912 -1001.006714 11.802529 
-32.057129 -1001.683289 11.662423 
-32.087303 -1001.550842 11.428338 
-31.952843 -1001.783752 11.509470 
-31.967274 -1002.069092 12.037976 
-31.991018 -1001.947754 12.216781 
-32.034416 -1001.859192 12.140224 
-32.081333 -1001.563843 11.383579 
-31.716267 -1001.612000 11.119864 
-31.900013 -1001.515320 11.030890 
-32.309437 -1001.515320 11.037288 
-32.301350 -1001.724854 11.099030 
-32.380280 -1001.713013 11.380224 
-32.577625 -1001.786743 11.519779 
-32.674500 -1001.626343 11.082423 
-32.385998 -1001.492798 11.171739 
-32.838398 -1001.840271 11.255391 
-32.870918 -1001.599487 11.139313 
-32.530933 -1001.258972 10.887850 
-32.637146 -1001.817932 10.711080 
-32.282917 -1001.995178 11.106463 
-32.389935 -1001.893799 11.093370 
-32.255947 -1001.885742 10.924296 
-32.246357 -1001.385498 10.801237 
-32.482685 -1001.234619 10.946790 
-32.415546 -1000.959717 10.990032 
-32.618038 -1001.286438 10.927026 
-32.475029 -1001.294128 10.901021 
-32.189823 -1001.184387 10.782617 
-32.242260 -1001.483337 10.736693 
-32.516006 -1002.031128 11.163555 
-32.247005 -1002.414429 11.297644 
-32.422203 -1002.628296 11.417115 
-32.525761 -1002.042786 11.427292 
-32.681808 -1002.060425 11.337833 
-32.526047 -1001.941467 11.205267 
-32.608837 -1002.283081 11.453013 
-32.443268 -1001.972107 11.565811 
-32.420616 -1002.107666 11.290049 
-32.439095 -1001.745178 11.045039 
-32.527077 -1001.810242 10.897831 
-32.707260 -1001.973083 10.731265 
-32.961208 -1002.058960 10.720012 
-33.030167 -1001.907410 10.955009 
-32.743732 -1001.829773 11.045407 
-32.685387 -1002.366333 11.044526 
-32.492310 -1002.098755 11.056021 
-32.252449 -1002.579163 10.418616 
-32.316761 -1002.682556 10.189293 
-32.600010 -1002.725098 10.384034 
-32.460609 -1002.278198 10.503227 
-32.361286 -1002.083923 10.366782 
-32.306229 -1001.876221 10.709025 
-32.640385 -1001.807007 10.738820 
-32.675907 -1002.053101 10.823656 
-32.801926 -1002.315125 10.842725 
-32.695339 -1002.028442 10.443180 
-32.610073 -1001.885132 10.343144 
-32.761459 -1001.978271 10.226516 
-32.931366 -1002.326416 10.389413 
-32.811092 -1002.152039 10.580730 
-32.666073 -1002.156616 10.501985 
-32.672058 -1001.649109 10.963588 
-32.847645 -1001.608276 10.796070 
-32.878315 -1002.221191 10.979256 
-32.427052 -1001.778625 10.772004 
-32.212440 -1001.669861 10.703803 
-32.248154 -1001.722290 10.734642 
-32.093723 -1001.727600 11.027714 
-32.458179 -1001.978699 11.042571 
-32.517944 -1001.716980 11.139857 
-32.675556 -1001.575439 11.071286 
-32.740646 -1002.081848 10.955429 
-32.670715 -1001.742859 10.655343 
-32.590374 -1001.429504 10.708075 
-32.379700 -1001.283203 10.774660 
-32.467361 -1001.473083 10.913328 
-32.598488 -1002.336731 11.073063 
-32.264191 -1001.764038 11.078851 
-32.265152 -1001.411987 11.278681 
-32.217121 -1001.632996 11.072545 
-32.971699 -1001.514099 11.017436 
-33.197159 -1001.658081 11.022149 
-32.999329 -1001.367615 10.513519 
-32.926464 -1001.188599 10.448215 
-32.782772 -1001.486450 10.737573 
-32.911819 -1001.555481 11.078858 
-33.088257 -1001.292786 11.266487 
-32.839005 -1001.183411 10.928590 
-32.798203 -1001.532043 10.890072 
-32.728962 -1001.901855 10.981257 
-32.880970 -1001.941040 11.103006 
-32.514576 -1001.870789 11.090605 
-32.360218 -1001.163818 10.831470 
-32.524975 -1001.089294 10.763577 
-32.437180 -1001.166748 10.843461 
-32.647545 -1001.421021 11.175769 
-32.510838 -1001.425354 11.344015 
-32.621071 -1001.675720 11.271212 
-32.599457 -1001.429932 11.005569 
-32.813965 -1001.448303 10.854055 
-32.851372 -1001.560608 10.867044 
-32.771496 -1001.444824 10.840836 
-32.683197 -1001.541565 10.917468 
-32.917557 -1001.595703 11.027575 
-32.592644 -1001.767029 11.079060 
-32.520050 -1002.097412 10.718878 
-32.701641 -1002.232117 10.527102 
-32.834713 -1002.396362 10.837282 
-32.440971 -1001.890015 11.097626 
-32.052776 -1001.157898 11.061900 
-31.998421 -1001.431030 10.813720 
-32.223335 -1001.976440 11.298376 
-32.000668 -1002.407471 11.551901 
-32.225136 -1002.326538 11.132521 
-32.441307 -1002.102722 10.980017 
-32.504444 -1002.301880 10.809214 
-32.737957 -1002.612061 10.989771 
-32.546566 -1002.228699 10.951217 
-32.417854 -1001.751160 10.737373 
-32.233459 -1001.753113 11.221287 
-32.106369 -1001.848999 11.124229 
-32.029095 -1001.490479 10.997784 
-31.784275 -1001.278259 11.165027 
-31.966619 -1001.420044 11.176822 
-32.161297 -1001.045593 11.454658 
-31.621637 -1001.052429 11.225526 
-31.604710 -1000.760803 11.078820 
-31.835167 -1001.536743 11.278656 
-32.117134 -1001.707581 11.109125 
-32.220707 -1001.502625 10.961300 
-32.218166 -1001.534363 10.867440 
-31.898933 -1000.881836 10.804552 
-32.082748 -1000.817566 11.083642 
-32.229797 -1000.737732 11.221514 
-31.981438 -1001.025513 10.965811 
-32.319550 -1000.905945 10.919848 
-32.211838 -1001.494385 11.066079 
-32.442871 -1001.429443 11.134263 
-32.591095 -1001.777588 11.115610 
-32.673077 -1001.553711 11.088488 
-32.275063 -1001.917664 11.225390 
-32.359249 -1001.557068 11.164112 
-32.219200 -1001.524658 11.273689 
-32.058361 -1001.830566 11.324752 
-31.758888 -1001.592407 10.889801 
-31.470510 -1001.632813 10.907841 
-31.788809 -1001.909485 11.239472 
-31.726248 -1002.276245 11.663378 
-32.017799 -1001.967102 11.734102 
-32.190041 -1001.972229 11.778481 
-31.986233 -1001.465088 11.716385 
-31.920786 -1001.918945 11.495908 
-31.624428 -1002.019470 11.356126 
-31.509342 -1001.450134 11.293100 
-31.539274 -1001.528992 11.059680 
-31.770618 -1001.767822 11.104744 
-32.163094 -1001.629028 11.457995 
-32.245274 -1001.708984 11.581996 
-32.189018 -1001.404785 11.217597 
-32.314816 -1001.759583 11.316478 
-32.439854 -1001.886658 11.566382 
-32.527683 -1002.045349 11.449106 
-32.451546 -1001.468994 10.989285 
-32.561436 -1000.900024 10.902028 
-32.661549 -1001.275818 11.259222 
-32.973438 -1001.302856 11.361978 
-32.795952 -1000.762329 11.334382 
-32.275761 -1000.994019 10.982905 
-32.335407 -1001.426819 11.372725 
-32.358727 -1001.594360 11.452780 
-32.157780 -1001.090393 11.285024 
-31.948223 -1000.590759 10.943419 
-32.134380 -1000.621643 11.109335 
-32.014904 -1001.253906 11.290868 
-31.906298 -1001.845459 11.117955 
-31.966639 -1001.504395 10.931765 
-32.246712 -1001.420288 10.758411 
-32.043770 -1001.227051 11.095530 
-31.832617 -1001.530945 10.743024 
-32.249294 -1001.406677 10.656219 
-32.338634 -1001.760925 10.891775 
-32.458908 -1002.200745 10.970420