4.462184 -1.549153 1004.315186 
4.894459 -1.360916 1014.533875 
4.891536 -1.339300 1023.033081 
5.024329 -1.307049 1029.690186 
5.019844 -1.118671 1035.030518 
4.747117 -0.552677 1039.303711 
4.382644 -0.584646 1042.508667 
4.592154 -0.739819 1045.277466 
4.784063 -0.836587 1047.222412 
4.803260 -0.363378 1048.533569 
4.916242 -0.512403 1049.814087 
4.578891 -0.774334 1052.341187 
4.504909 -0.795856 1052.750000 
4.592130 -0.877482 1053.455200 
4.515502 -1.233688 1054.043701 
4.405400 -0.900400 1054.270508 
4.573522 -1.250414 1054.549561 
4.744618 -1.357554 1055.297485 
4.857095 -1.369832 1055.297974 
4.995876 -1.378792 1055.261719 
4.765301 -1.484209 1055.427979 
4.922441 -1.165639 1055.060791 
5.096953 -1.262722 1055.267212 
4.711962 -1.152303 1055.151733 
4.462576 -1.388804 1055.270996 
4.533861 -1.491516 1055.520752 
5.054489 -1.236889 1055.769409 
5.141591 -1.215847 1055.614502 
5.394273 -0.936817 1055.636963 
4.840018 -1.013321 1055.252319 
4.811415 -0.887882 1055.152100 
4.532332 -0.895208 1055.511108 
4.626266 -1.197186 1055.407837 
4.738012 -0.774882 1055.532715 
4.742010 -1.026969 1055.693604 
4.867208 -0.864884 1055.517334 
4.613566 -0.680669 1055.425049 
4.605853 -1.370197 1055.363403 
4.578108 -1.241214 1055.448608 
4.650687 -0.724617 1055.028442 
4.354949 -0.429980 1055.033936 
4.435560 -0.462134 1054.806519 
4.439048 -0.979987 1054.941772 
4.490638 -0.830594 1055.062256 
4.641711 -0.672122 1055.170776 
4.969969 -0.754217 1055.208862 
4.890975 -0.863571 1055.666260 
4.815580 -0.416038 1055.495361 
4.804064 -0.237725 1055.468506 
4.733851 -0.882122 1055.324951 
4.787481 -0.923963 1055.210205 
4.824334 -0.952735 1055.186157 
5.164867 -0.876622 1055.172363 
5.290894 -0.475002 1055.307739 
5.196515 -0.725706 1055.550171 
5.084412 -0.612050 1055.500122 
4.945930 -0.265426 1055.045288 
4.810744 -0.177240 1055.181641 
5.068595 0.002479 1055.168701 
4.652676 -0.064109 1055.438965 
5.003141 -0.854287 1055.155029 
5.368913 -0.936607 1054.964478 
5.319930 -0.535261 1054.872925 
5.329544 -0.950961 1055.653687 
4.733388 -0.872293 1055.114014 
4.909111 -0.784953 1054.736450 
5.183888 -0.622332 1055.056519 
4.964511 -0.701398 1055.141846 
4.691409 -0.890940 1055.161255 
4.411927 -0.501931 1055.030396 
4.468941 -0.415770 1055.181885 
4.282753 -0.583599 1055.425049 
4.207002 -0.623691 1054.973022 
4.427002 -0.603512 1054.953003 
4.456602 -0.539347 1055.181030 
4.504681 -0.624352 1055.558594 
4.835945 -0.950066 1055.665527 
4.661756 -0.446207 1055.543579 
4.400404 -0.622293 1055.385010 
4.667124 -0.322340 1055.624268 
4.624299 -0.531889 1055.827759 
4.834039 -0.503553 1055.636841 
4.635831 -0.614708 1055.496216 
4.696865 -1.025424 1055.627808 
5.001892 -0.995592 1055.891602 
5.197114 -0.973820 1055.870850 
5.219091 -0.809614 1055.976318 
4.907273 -0.640330 1056.109497 
4.840818 -0.665095 1056.106201 
4.995055 -1.095158 1055.981567 
4.837844 -1.194803 1055.820801 
4.968275 -1.366405 1055.716675 
4.847117 -1.591968 1055.673828 
4.890294 -0.914695 1055.233032 
4.924835 -0.552228 1055.441650 
4.915868 -0.304163 1055.291260 
4.908694 -0.254950 1055.134399 
4.744355 -0.663980 1054.874756 
4.869084 -0.237409 1054.813354 
4.505268 -0.848932 1055.423096 
4.873014 -1.146933 1055.483887 
4.898811 -1.380906 1055.142090 
4.846249 -1.172641 1055.246826 
4.877399 -1.152476 1055.562500 
5.060920 -0.593935 1055.546631 
4.821351 -1.103664 1055.587402 
4.601281 -0.706625 1055.590942 
4.742424 -0.449808 1055.630371 
4.952940 -0.905073 1055.576538 
4.633352 -0.710000 1055.594482 
4.731482 -0.666505 1055.962646 
4.590385 -0.799556 1056.293701 
4.672709 -1.358088 1056.058350 
4.531167 -1.436140 1055.662720 
4.088533 -1.130555 1055.578003 
4.185827 -1.121760 1055.607788 
4.239262 -0.719833 1055.521851 
4.391809 -0.904394 1055.477539 
4.330848 -1.022616 1055.649414 
4.233278 -0.861707 1055.616089 
4.313823 -1.106818 1055.455322 
4.122058 -0.626529 1055.521851 
4.725047 -0.457268 1055.855713 
5.158638 -0.630366 1055.634766 
5.200510 -0.657823 1055.531250 
4.819208 -0.859137 1055.338623 
4.477567 -1.104942 1055.318726 
4.826453 -1.053628 1055.363770 
4.739563 -0.851382 1055.180176 
4.474850 -0.538978 1055.289551 
4.519280 -0.245054 1055.437988 
4.359624 -0.838032 1055.568970 
4.500299 -1.419130 1055.600586 
4.649439 -1.002784 1055.357422 
4.927351 -1.275700 1055.687500 
4.917881 -1.392489 1055.695435 
4.824905 -1.345890 1055.591919 
4.848124 -1.707389 1055.472534 
4.988699 -1.427402 1055.657593 
4.991360 -1.338412 1055.744629 
5.078888 -0.812036 1055.643555 
5.283110 -1.103525 1055.660278 
5.080488 -1.316266 1055.759033 
5.015991 -1.537452 1055.618408 
4.610592 -1.468170 1055.664551 
4.896274 -1.549441 1055.811279 
5.002819 -1.443961 1055.977417 
5.039255 -1.350497 1055.988281 
4.373499 -0.812807 1055.669556 
4.425999 -0.675620 1055.851807 
4.406999 -0.641413 1056.107422 
4.245399 -0.946038 1056.006958 
4.006320 -0.805816 1055.731323 
4.181056 -0.769395 1055.840210 
4.272045 -0.693374 1055.866333 
4.186236 -0.687330 1055.887207 
4.605589 -0.798275 1055.806396 
4.721471 -0.747411 1055.790527 
4.643377 -1.155236 1055.875366 
4.666301 -0.777224 1055.528442 
4.526041 -0.666129 1055.312012 
4.694433 -1.161831 1055.309570 
4.719346 -1.194025 1054.856201 
4.824677 -1.250481 1055.030396 
4.872342 -1.489439 1054.937866 
4.959273 -1.087058 1055.364136 
5.053219 -1.205371 1055.375732 
4.933175 -1.192843 1055.385010 
4.678540 -0.870589 1055.099609 
4.877432 -1.228657 1055.347046 
4.719346 -1.325196 1054.996094 
4.714877 -1.016624 1054.825073 
4.943101 -1.565953 1055.054199 
4.662081 -1.373615 1055.164307 
4.620265 -1.365074 1054.984009 
4.243888 -1.354975 1055.402710 
4.310110 -1.285552 1055.211426 
4.399688 -1.218404 1055.546387 
4.385951 -0.872765 1055.863159 
4.533560 -0.669941 1055.726074 
4.566248 -0.538391 1055.287109 
4.287399 -1.019163 1055.326294 
4.271719 -0.743830 1055.186890 
4.405575 -0.328646 1055.294922 
4.183260 -0.454094 1055.491089 
4.554408 -0.941160 1055.440674 
4.582926 -1.428479 1055.192993 
4.544741 -1.157923 1055.250977 
4.392193 -0.943980 1055.041138 
4.611754 -1.035028 1054.983154 
4.726404 -0.920204 1055.009888 
4.513123 -0.951757 1055.092285 
4.464499 -0.991266 1055.121582 
4.620799 -0.542194 1055.364624 
4.611639 -0.560512 1055.461548 
4.616511 -0.755157 1055.368286 
4.376409 -0.617064 1054.927612 
4.672327 -0.648115 1054.904541 
4.848062 -0.440064 1055.056885 
4.732449 -0.716686 1054.861450 
5.054759 -1.132812 1054.766113 
4.910007 -1.568354 1055.043701 
5.331006 -1.243531 1054.972900 
5.350605 -1.401969 1055.038330 
5.280884 -1.385768 1055.505493 
5.054307 -0.896038 1055.635254 
4.958446 -0.934119 1055.677979 
4.771956 -0.500486 1055.285156 
4.549565 -0.859663 1055.373535 
4.188652 -0.792215 1055.383179 
4.290322 -0.759468 1055.293335 
4.640058 -1.081638 1055.038452 
4.480646 -0.855345 1055.310303 
4.523917 -0.574829 1055.234985 
4.534133 -0.551372 1054.894165 
4.713107 -0.287059 1055.060791 
4.600085 -0.440221 1055.145264 
4.009468 -0.436650 1055.176270 
3.951774 -0.714195 1054.895996 
4.369220 -0.570689 1054.976807 
4.410376 -0.202280 1055.065796 
4.589701 0.214917 1054.844238 
4.403760 0.222774 1054.581543 
4.608809 0.310906 1055.042480 
4.333647 0.210433 1055.191528 
4.528317 -0.291364 1055.103394 
4.269254 -0.410404 1054.947510 
4.330403 -0.629122 1055.237549 
4.830722 -0.492120 1055.213379 
4.572178 -0.441568 1055.474731 
4.414142 -0.272837 1055.256836 
4.543914 -0.594637 1055.009277 
4.769731 -0.236238 1054.859985 
4.791785 -0.337212 1054.972412 
4.748428 -0.872334 1055.257568 
4.701542 -1.229931 1055.046509 
4.688434 -0.881178 1055.158203 
4.836547 -0.956233 1055.381714 
4.796438 -1.060451 1055.743530 
4.678950 -1.152992 1055.764648 
4.450760 -1.055738 1055.696167 
4.048608 -0.688126 1055.214355 
4.092886 -0.667020 1055.390137 
4.152709 -0.486820 1055.725952 
4.310367 -0.256426 1055.958008 
4.534094 -0.648577 1055.594604 
4.700875 -0.061372 1055.499023 
5.244568 -0.547414 1055.860596 
5.342455 -0.745597 1055.504517 
5.140164 -1.252789 1055.854004 
5.368731 -1.210972 1056.133545 
5.624785 -1.394686 1056.247437 
5.012228 -1.462850 1056.253174 
4.668582 -1.413722 1056.184570 
4.405866 -1.493223 1056.251709 
4.073693 -1.073340 1056.183350 
3.990954 -0.437301 1055.835938 
4.058963 -0.549874 1055.936157 
4.235371 -0.335404 1055.955322 
4.364296 -0.442547 1055.409424 
4.457230 -0.310555 1055.228516 
4.700384 -0.490329 1055.279419 
4.736307 -0.819290 1055.002930 
4.643046 -1.323053 1055.001343 
4.507437 -1.130417 1055.122070 
4.496550 -1.088701 1055.474854 
4.805040 -0.975856 1055.452026 
4.795632 -1.289006 1055.519165 
4.836905 -1.319802 1055.389893 
4.808924 -1.655390 1055.664673 
4.725539 -0.746749 1055.725952 
4.634431 -0.495572 1055.701782 
4.842145 -0.707760 1055.401855 
4.593516 -1.274612 1055.283936 
4.652730 -0.640211 1055.304443 
4.832384 -0.763885 1055.242554 
4.414907 -0.821189 1055.388184 
4.398126 -1.060767 1055.370605 
4.482301 -1.482814 1055.356445 
4.330040 -1.378854 1055.015747 
4.366832 -0.956909 1055.401978 
4.506066 -0.945587 1055.625610 
4.544253 -1.250435 1055.511719 
4.538202 -1.423488 1055.481567 
4.460162 -1.615707 1055.286621 
4.690529 -1.278091 1055.618652 
4.423423 -1.427193 1055.908691 
4.075539 -1.255862 1055.347778 
4.779460 -1.450115 1055.259521 
4.653168 -0.893562 1055.243164 
4.234934 -0.783997 1054.790894 
4.168747 -0.819388 1054.953735 
4.506198 -0.416751 1054.925415 
4.349158 -1.062221 1054.597778 
4.674927 -0.890612 1054.299072 
4.728141 -0.963119 1054.633423 
4.136313 -0.554611 1054.900879 
4.150850 -0.553095 1055.151489 
4.308880 -0.288316 1055.315430 
4.349904 -0.540016 1055.385498 
4.321723 -0.756677 1055.234253 
4.419458 -0.642125 1055.138550 
4.108967 -1.045434 1055.244019 
4.141173 -1.076115 1055.401611 
4.410939 -1.131466 1055.637451 
4.309551 -1.056507 1055.740723 
4.557841 -1.150114 1056.165039 
4.353873 -1.366748 1056.199463 
4.276098 -1.145829 1056.031738 
4.287078 -1.132907 1055.726807 
4.283663 -0.826845 1055.751221 
4.073530 -0.982497 1056.014771 
4.356824 -0.667631 1056.042603 
4.339459 -0.981652 1055.698853 
4.298243 -0.666490 1055.444214 
4.170594 -0.816024 1055.061523 
4.092875 -0.859243 1055.121460 
4.726100 -1.187417 1055.071777 
4.708080 -1.624687 1055.458984 
4.608264 -1.498879 1055.683350 
4.601612 -1.143386 1055.374878 
4.523089 -1.032248 1055.335449 
4.460271 -0.720420 1055.194214 
4.422217 -1.135537 1055.068970 
4.098973 -0.779326 1054.834595 
3.803779 -0.634704 1054.647095 
4.055623 -0.265481 1054.741089 
3.757039 -0.527156 1054.712891 
3.774231 -0.697853 1054.891357 
4.275985 -0.657639 1054.973145 
4.140588 -0.611810 1055.062866 
4.239670 -0.380608 1054.927246 
4.257936 -0.706252 1054.916382 
4.553149 -0.910962 1055.310303 
4.423319 -1.307562 1055.686401 
3.965655 -1.069673 1055.535889 
4.050924 -0.797173 1055.244751 
3.972739 -0.697169 1055.511963 
4.117591 -0.854894 1056.140625 
3.733273 -0.970009 1055.862671 
3.706419 -0.922189 1055.554932 
3.843535 -1.035604 1055.430786 
4.136228 -0.821747 1055.551025 
4.516783 -0.879899 1055.866821 
4.260026 -1.186013 1055.960815 
4.396221 -1.294072 1055.560303 
4.480776 -1.274061 1055.508301 
4.414221 -1.259456 1055.454468 
4.238976 -1.232317 1055.277222 
4.245181 -1.064194 1055.257324 
4.237945 -0.941491 1055.204834 
4.317556 -0.753060 1055.419067 
4.613045 -0.681452 1055.627075 
4.605436 -0.431435 1055.500610 
4.172348 -0.150085 1055.436035 
3.960874 -1.436540 1055.053833 
4.083699 -1.345081 1055.273926 
3.876959 -1.377208 1055.364502 
4.077568 -1.334737 1055.266235 
4.396654 -1.567413 1054.943604 
4.346923 -1.786668 1055.246704 
4.526739 -1.468784 1055.537964 
4.316791 -1.368614 1055.490356 
4.661233 -1.311986 1055.232666 
4.680586 -1.155299 1055.697510 
4.500869 -1.436451 1056.069458 
4.503495 -1.443893 1055.988770 
4.407996 -1.251571 1055.936401 
4.529510 -1.053549 1055.139404 
4.380008 -1.164435 1055.110474 
4.272606 -1.377201 1055.270386 
4.638085 -1.202896 1055.007935 
4.649868 -1.322873 1054.907715 
4.732494 -1.410438 1055.218018 
4.859595 -1.408429 1055.576050 
4.973476 -1.308085 1055.679443 
4.979181 -1.580920 1055.505981 
5.154545 -1.318620 1055.501343 
5.416836 -1.028305 1055.473267 
5.175269 -0.948256 1055.548462 
4.957615 -0.906313 1055.547607 
4.133082 -0.933253 1055.508789 
4.282466 -0.714088 1055.393799 
3.962773 -0.537652 1055.375000 
3.987618 -0.524238 1055.640625 
4.044095 -0.283735 1055.206543 
4.223475 -0.536673 1055.298462 
4.318181 -0.276331 1055.737915 
4.137744 -0.498310 1055.869873 
4.115396 -0.660320 1055.548462 
4.097517 -0.531369 1055.364624 
4.229613 -0.700927 1055.510254 
4.725691 -0.363252 1055.443848 
4.561353 -0.281597 1055.549316 
4.656829 -0.827591 1055.646240 
5.165063 -0.851205 1055.772217 
5.169050 -0.654206 1055.750977 
4.830640 -0.576345 1055.453369 
4.901512 -0.700794 1055.483643 
4.933810 -1.005856 1055.520142 
4.935248 -0.832995 1055.329712 
4.887599 -1.267137 1055.494629 
5.081279 -1.534555 1055.553345 
5.333823 -1.284781 1055.612427 
5.377259 -0.970648 1055.806152 
5.021607 -0.823778 1055.936768 
4.895686 -0.518832 1056.236450 
4.977949 -0.609380 1056.207764 
4.775359 -0.774342 1055.977417 
4.845087 -0.713465 1055.963989 
4.717870 -0.751431 1055.989746 
4.677096 -1.108731 1056.010376 
4.766477 -0.973996 1055.892700 
4.923381 -0.859181 1055.859619 
4.756105 -0.775383 1055.979492 
4.805284 -0.911979 1056.051025 
4.917827 -0.813918 1055.620239 
4.702862 -0.775308 1055.678223 
4.591889 -1.274473 1055.578125 
4.381112 -1.276236 1055.583496 
4.285689 -1.096249 1055.575562 
4.473721 -1.145196 1055.299561 
4.371977 -0.868773 1055.385010 
4.388182 -1.095495 1055.441162 
4.376745 -1.046733 1055.242188 
4.599396 -1.027624 1055.156128 
4.484717 -0.832403 1055.123901 
4.771173 -1.349103 1055.281128 
4.487939 -1.413102 1055.358154 
4.590751 -1.459811 1055.065918 
4.526601 -1.114873 1054.856567 
4.816881 -1.060876 1055.067261 
4.280505 -0.625958 1055.101563 
4.363804 -0.572208 1054.836304 
4.282892 -0.803975 1055.305664 
3.902113 -0.389022 1055.133789 
3.865891 -0.481680 1054.862061 
4.166313 -0.977773 1054.961792 
4.309050 -1.257446 1054.785400 
4.740440 -1.082534 1054.961548 
4.951352 -0.855999 1055.090210 
5.046882 -0.871939 1055.717773 
4.610905 -0.586940 1055.390259 
4.530524 -0.757965 1055.335571 
4.429619 -1.162939 1055.108887 
4.531896 -0.964120 1054.878662 
4.528316 -0.967330 1054.755493 
4.305853 -0.508245 1055.145020 
4.091283 -0.634612 1055.114990 
4.200226 -0.891635 1055.188599 
4.287381 -0.667234 1054.918091 
4.576705 -0.256263 1055.238525 
4.881364 -0.318868 1055.165405 
4.807891 -0.957823 1055.521729 
5.102913 -1.028652 1055.416382 
5.448730 -0.783714 1055.795654 
5.505785 -0.291837 1055.830688 
5.014627 -0.460188 1055.809937 
5.036502 -0.500661 1056.025146 
4.810001 -0.431322 1056.050903 
5.104601 -0.759745 1055.754272 
4.949881 -0.587454 1055.675659 
4.948104 -0.725381 1055.637085 
4.885684 -0.793088 1055.618408 
4.896747 -0.595310 1055.591309 
4.820197 -0.088413 1055.606201 
4.636958 -0.410598 1055.605957 
4.844166 -0.332631 1055.727783 
4.399933 -0.687716 1055.752075 
4.422746 -0.436007 1055.478638 
4.367797 -0.499492 1055.491699 
4.494637 -0.381031 1055.380127 
4.693710 -0.525286 1055.803345 
4.486968 -0.086745 1055.702637 
4.528975 -0.425860 1055.719727 
4.379580 -0.838156 1055.672363 
4.443064 -1.056670 1055.451538 
4.497200 -1.473744 1055.541138 
4.585960 -1.751264 1055.956543 
4.571568 -1.377026 1055.922852 
4.364855 -0.988535 1055.920288 
4.248284 -0.902751 1055.710815 
4.411227 -1.087335 1055.665283 
4.578182 -0.843023 1056.007080 
4.492146 -1.109661 1056.146240 
4.228117 -0.809879 1056.196533 
4.004693 -0.640524 1055.773193 
4.155354 -0.500441 1055.641968 
4.263684 -0.826671 1055.744385 
4.399147 -1.196604 1055.655518 
4.348917 -1.186445 1055.608765 
4.235534 -1.574539 1055.791016 
4.083827 -1.396361 1055.863647 
3.889262 -1.282798 1055.811890 
3.819010 -1.249353 1056.014526 
3.994608 -1.290862 1055.786255 
3.781286 -0.876209 1055.688965 
3.976629 -1.100923 1055.818604 
4.108503 -0.655186 1055.824707 
4.250603 -0.758335 1055.902710 
4.156882 -0.289794 1055.708984 
4.399106 -0.870685 1055.346558 
4.251285 -0.833219 1055.349487 
4.218428 -0.608119 1055.315186 
4.275315 -0.728486 1055.195068 
4.371852 -0.531681 1055.045288 
4.156281 0.056903 1055.242676 
3.837425 0.090969 1055.144287 
4.192340 -0.609267 1055.029053 
4.451872 -0.906097 1055.339478 
4.464298 -1.106256 1055.563354 
4.108238 -1.005149 1055.315430 
4.225991 -0.601765 1055.275757 
4.112792 -0.126084 1055.121948 
4.229634 -0.240337 1054.962402 
4.030307 -0.406122 1055.017700 
4.053845 -0.741353 1055.025391 
4.431633 -0.410428 1055.395996 
4.338306 -0.909291 1055.474365 
4.166045 -1.026190 1055.549316 
4.211236 -1.012631 1055.621460 
4.259589 -1.068653 1055.361938 
4.103071 -0.697552 1054.983521 
4.295057 -0.607981 1054.778442 
4.704845 -0.822760 1054.736328 
4.910676 -0.748802 1054.800293 
5.124141 -0.810181 1054.888062 
4.806913 -0.854978 1054.921631 
4.894730 -0.970071 1055.229126 
4.745384 -1.004632 1055.462891 
4.699107 -0.898019 1055.649902 
4.588886 -0.441180 1055.360352 
4.464108 -0.931735 1055.323853 
4.522887 -0.976653 1055.197021 
4.362509 -0.828161 1054.912598 
4.502607 -0.686825 1055.112061 
4.724486 -0.583673 1055.381470 
4.682389 -0.491908 1055.938599 
4.587711 -0.474373 1055.701050 
4.768168 -0.362698 1055.828247 
4.668535 -0.132876 1055.930054 
4.613228 0.216132 1055.950439 
4.581182 -0.336643 1055.649536 
4.701946 -0.295135 1055.909058 
4.505756 -0.363719 1055.958008 
3.879283 0.068166 1055.619263 
4.189227 -0.411676 1055.469971 
4.180981 -0.663009 1055.411621 
4.235385 -0.500373 1055.462524 
4.400908 -0.249837 1055.332397