-7.925692 -3.421358 -1000.645325 
-7.767514 -3.222119 -1004.559937 
-7.922287 -3.109691 -1007.698547 
-8.045970 -2.846358 -1010.536499 
-8.266937 -3.412255 -1012.597717 
-8.199518 -3.429746 -1014.233765 
-8.316449 -3.508431 -1015.310303 
-8.324561 -3.302184 -1016.513062 
-8.550676 -3.711962 -1017.267761 
-8.646149 -3.796802 -1017.969055 
-8.588316 -3.660966 -1018.652100 
-8.322444 -3.166319 -1019.296082 
-8.463558 -3.200813 -1019.847900 
-8.576448 -3.011754 -1020.179504 
-8.837561 -2.989128 -1020.261780 
-8.851249 -2.972614 -1020.632629 
-8.752398 -3.207754 -1020.868286 
-8.587918 -2.901463 -1020.983643 
-8.529534 -3.122866 -1021.149109 
-8.348627 -3.053742 -1020.793457 
-8.594302 -3.250486 -1020.960388 
-8.620042 -2.817294 -1020.813293 
-8.384434 -3.176793 -1020.903015 
-8.354547 -3.373252 -1020.706421 
-8.294037 -3.780309 -1020.683350 
-8.172429 -3.484135 -1021.213867 
-8.343543 -3.548125 -1021.199097 
-8.431635 -3.776103 -1021.162903 
-8.392308 -3.711778 -1020.767944 
-8.421846 -3.582433 -1020.647156 
-8.457677 -3.389154 -1021.123901 
-8.510741 -3.215132 -1021.419922 
-8.577593 -3.796743 -1021.217529 
-8.740874 -3.611485 -1021.104431 
-8.908099 -4.003621 -1021.087158 
-9.005280 -3.745994 -1021.268555 
-8.948824 -4.002914 -1020.901245 
-9.030406 -3.745638 -1020.580994 
-9.103125 -3.854339 -1020.375610 
-9.075900 -3.768878 -1020.455261 
-8.846720 -3.657066 -1020.958191 
-8.968376 -3.608420 -1020.945740 
-9.029101 -4.067302 -1020.655212 
-9.150881 -3.677115 -1020.471558 
-8.748105 -3.738409 -1020.349060 
-8.706484 -3.733706 -1020.629272 
-8.599987 -3.878589 -1020.658203 
-8.478189 -3.638261 -1021.059570 
-8.600351 -3.166228 -1021.380676 
-8.881081 -3.085389 -1021.234924 
-8.682913 -3.488347 -1021.552124 
-8.556730 -3.073293 -1021.323303 
-8.541184 -3.660264 -1021.408630 
-8.467748 -3.429479 -1021.550110 
-8.628598 -3.755428 -1021.126465 
-8.513279 -3.812045 -1020.738770 
-8.469823 -3.490817 -1020.916626 
-8.679058 -3.404687 -1021.290710 
-8.651246 -3.275907 -1021.297180 
-9.019397 -3.379672 -1021.387756 
-8.874718 -3.125814 -1021.216187 
-8.697974 -3.764513 -1021.213135 
-8.593180 -4.065869 -1021.308289 
-8.741144 -4.450607 -1021.408813 
-8.566715 -3.742634 -1021.159851 
-8.390573 -3.868625 -1021.436462 
-8.225258 -3.779305 -1021.352783 
-8.080806 -3.598758 -1021.444397 
-8.148245 -3.878976 -1021.163940 
-8.299796 -4.248286 -1021.561768 
-8.555237 -4.023438 -1021.575012 
-8.625389 -3.678060 -1021.231812 
-8.364311 -3.063439 -1020.908447 
-8.497049 -3.241083 -1020.613159 
-8.286039 -3.387215 -1020.901550 
-8.471031 -3.543307 -1021.022461 
-8.350625 -3.723148 -1020.667786 
-8.766700 -3.673129 -1020.640259 
-8.367559 -3.488307 -1020.752380 
-8.426448 -3.814843 -1020.646912 
-8.546759 -3.674134 -1021.099304 
-8.752807 -3.406643 -1020.387634 
-8.771245 -3.491569 -1020.830933 
-8.834796 -3.504112 -1021.136719 
-8.800237 -3.200156 -1020.917786 
-8.577390 -3.093673 -1020.632813 
-8.594312 -3.164272 -1020.807434 
-8.546849 -3.298196 -1020.886169 
-8.826079 -2.835635 -1021.437134 
-8.610264 -2.827629 -1021.072693 
-8.791411 -2.937143 -1020.988525 
-8.838729 -3.099468 -1020.970032 
-8.644783 -3.184981 -1020.833252 
-8.684827 -3.066118 -1021.004395 
-8.485062 -3.078243 -1021.092529 
-8.447249 -3.169490 -1021.211853 
-8.660999 -3.071291 -1021.099854 
-8.697800 -2.983141 -1020.558899 
-8.678440 -2.754011 -1020.126099 
-8.650752 -2.932851 -1020.072693 
-8.494402 -2.931540 -1020.481384 
-8.808521 -2.980023 -1020.747314 
-8.559617 -3.262600 -1020.947876 
-8.616693 -3.155726 -1020.559326 
-8.576955 -3.127164 -1020.712036 
-8.637489 -3.634629 -1020.910583 
-8.483791 -3.460208 -1020.810059 
-8.373033 -3.431786 -1021.083435 
-8.296626 -3.279206 -1021.180176 
-8.613701 -3.167846 -1021.281921 
-8.647760 -3.333763 -1021.448730 
-8.467608 -3.191185 -1021.570007 
-8.591887 -3.087125 -1021.886597 
-8.276509 -3.258370 -1022.066650 
-8.268208 -3.515189 -1021.442139 
-8.041966 -3.653188 -1021.149902 
-8.007373 -3.539671 -1020.940552 
-8.126099 -3.555699 -1021.090271 
-8.471066 -3.772433 -1021.894897 
-8.387253 -3.626702 -1021.390137 
-8.344603 -3.718095 -1020.925293 
-8.517882 -3.356330 -1020.980408 
-8.705306 -3.059340 -1021.122131 
-8.672245 -2.776664 -1021.308716 
-8.572596 -2.850508 -1021.250549 
-8.187877 -2.657209 -1021.399231 
-8.563301 -2.433733 -1021.530396 
-8.790441 -2.962771 -1020.854492 
-8.837953 -3.447763 -1020.887207 
-9.083362 -2.911838 -1021.498962 
-8.706289 -2.701970 -1021.829773 
-8.503629 -3.021150 -1020.853394 
-8.657303 -3.259657 -1021.203491 
-8.877842 -4.274187 -1021.568970 
-9.139673 -3.926986 -1021.788147 
-8.983139 -3.854858 -1021.402344 
-8.955511 -3.868134 -1021.179077 
-9.031009 -3.630630 -1021.134644 
-8.786407 -3.605606 -1020.867310 
-8.956725 -3.406067 -1021.239075 
-8.751380 -3.194516 -1021.487671 
-8.733504 -2.842363 -1021.369324 
-8.877804 -3.063253 -1021.042847 
-8.883443 -3.109111 -1020.635254 
-9.665043 -3.103281 -1021.221985 
-9.623034 -3.088887 -1021.852173 
-9.235627 -2.847668 -1022.026917 
-9.059902 -3.067125 -1021.129761 
-9.016922 -3.359130 -1020.704834 
-8.750737 -3.489850 -1020.901672 
-8.501189 -3.189747 -1021.547119 
-8.338151 -3.811175 -1022.075684 
-8.537121 -3.374825 -1021.949524 
-8.769497 -3.451867 -1021.519226 
-9.004197 -3.689370 -1021.089600 
-9.191957 -3.318886 -1020.599487 
-9.012766 -3.196806 -1020.951599 
-8.796212 -3.272502 -1021.282104 
-8.425816 -3.298632 -1021.157715 
-8.253452 -3.511614 -1020.507568 
-8.579162 -3.419865 -1020.426636 
-8.534729 -3.254026 -1020.374084 
-8.657784 -3.363702 -1020.771240 
-8.695227 -3.855737 -1020.918213 
-8.627582 -3.802858 -1021.145569 
-8.890665 -3.632427 -1021.217651 
-8.832732 -2.931257 -1021.006897 
-8.798586 -2.732622 -1020.240540 
-8.515069 -2.719487 -1020.237427 
-8.568855 -2.396789 -1020.674133 
-8.746084 -2.276626 -1021.157715 
-8.424268 -2.633874 -1020.702759 
-8.496214 -2.812211 -1020.692627 
-9.139371 -2.579819 -1020.647888 
-9.592896 -3.151789 -1020.734131 
-9.748317 -3.322044 -1020.742126 
-9.433454 -3.858293 -1020.992493 
-9.083962 -3.639927 -1020.790222 
-8.792170 -3.744227 -1020.579590 
-8.570935 -4.018105 -1019.837646 
-8.576948 -3.921360 -1020.000488 
-8.642758 -3.735396 -1020.862793 
-8.390407 -3.418396 -1021.003662 
-8.322725 -3.434228 -1020.640503 
-8.524780 -3.775374 -1020.679382 
-8.052024 -3.414614 -1020.515320 
-7.942219 -3.579784 -1020.786682 
-8.073976 -4.112320 -1021.162354 
-8.167180 -3.742930 -1021.340881 
-8.168544 -3.357976 -1021.447083 
-8.023235 -3.126459 -1021.141663 
-8.370588 -3.303557 -1020.262939 
-8.233670 -3.449291 -1020.096741 
-8.258336 -3.868765 -1020.622620 
-8.156069 -3.697009 -1021.311707 
-8.013255 -3.637572 -1021.521362 
-8.167404 -3.791947 -1021.079102 
-8.180923 -3.673903 -1020.188477 
-8.277139 -3.637188 -1020.098206 
-8.561511 -3.379678 -1020.257751 
-8.532809 -3.142298 -1020.446411 
-8.851447 -3.562310 -1020.694946 
-8.959958 -3.357989 -1021.320740 
-9.010166 -3.109988 -1021.430969 
-9.282133 -3.472811 -1020.482178 
-8.975106 -3.490422 -1020.406372 
-8.863685 -3.420878 -1020.675110 
-8.640347 -3.946905 -1021.134094 
-8.742278 -4.116589 -1021.306091 
-8.958022 -4.256911 -1021.492493 
-9.057418 -4.243968 -1021.092590 
-9.051535 -3.707176 -1020.748291 
-8.693027 -3.579074 -1020.960815 
-8.845422 -3.419662 -1020.801453 
-9.125937 -3.385714 -1020.832581 
-8.862350 -3.624609 -1021.113647 
-8.712480 -3.815445 -1021.106689 
-8.409584 -4.103041 -1021.284180 
-8.447867 -3.703199 -1021.474915 
-8.515094 -3.675049 -1021.444519 
-8.776275 -3.638024 -1021.798401 
-8.777820 -3.726359 -1021.361694 
-8.815656 -3.757870 -1021.085571 
-8.626325 -3.566635 -1021.084229 
-8.291860 -3.806092 -1021.010010 
-7.938888 -3.618309 -1021.194580 
-7.912710 -3.975642 -1021.598450 
-7.977168 -3.725574 -1021.396973 
-8.370335 -3.427707 -1021.028381 
-8.111467 -3.539901 -1020.635925 
-8.306973 -3.358113 -1020.395142 
-8.512178 -3.423190 -1020.861328 
-8.639743 -2.877423 -1021.527039 
-8.546595 -2.825169 -1021.937622 
-8.533075 -3.100142 -1021.631714 
-8.534460 -3.548023 -1021.106384 
-8.315968 -3.743069 -1020.686096 
-8.031374 -3.803025 -1020.654907 
-8.011099 -3.616070 -1020.947144 
-8.507279 -3.578500 -1021.485901 
-8.660224 -3.979547 -1021.843750 
-8.819180 -3.184599 -1021.178406 
-9.019544 -3.247114 -1020.048340 
-8.613262 -3.622416 -1021.137390 
-8.330210 -3.632569 -1022.004089 
-8.189168 -3.541103 -1021.343262 
-8.271534 -3.836896 -1020.241211 
-8.337427 -4.118697 -1019.908569 
-8.255941 -4.126614 -1020.533081 
-8.300553 -3.918157 -1021.288879 
-9.019443 -3.897853 -1022.003296 
-8.777154 -3.092017 -1022.123413 
-8.534523 -3.443215 -1021.865723 
-8.462419 -3.732494 -1021.098389 
-8.490135 -3.778828 -1020.264893 
-8.622108 -3.367697 -1020.622925 
-9.053709 -3.445093 -1021.819214 
-8.926567 -3.486672 -1021.451599 
-8.885854 -3.698293 -1020.547485 
-8.987483 -3.078205 -1020.360962 
-9.117586 -3.284819 -1020.760742 
-9.294868 -3.402656 -1021.727173 
-9.314694 -3.785290 -1021.756165 
-9.171955 -3.784401 -1021.193726 
-8.679564 -3.981507 -1021.134155 
-8.651651 -3.911129 -1021.062134 
-8.726921 -3.513695 -1021.102112 
-8.604136 -2.959957 -1021.439087 
-8.725510 -3.017242 -1021.647644 
-8.664008 -3.042571 -1021.375305 
-8.407407 -3.407128 -1020.779236 
-8.226525 -3.327127 -1020.387817 
-8.264820 -3.120423 -1020.501648 
-7.990456 -2.837725 -1021.288086 
-8.124764 -2.763237 -1022.002686 
-8.134611 -3.170298 -1021.427551 
-8.410889 -3.203717 -1020.991821 
-8.424511 -3.343464 -1020.740845 
-8.240209 -2.720359 -1020.893860 
-8.226967 -3.106045 -1021.199280 
-8.728773 -3.239220 -1021.712036 
-8.459218 -3.781364 -1022.000244 
-8.548574 -4.259442 -1021.925781 
-8.278460 -4.278774 -1021.207397 
-8.611367 -4.045690 -1020.949890 
-8.706894 -3.892055 -1020.853699 
-8.649116 -3.977680 -1021.472168 
-8.737092 -3.611705 -1021.881531 
-9.283274 -3.509395 -1022.026001 
-9.195619 -3.088655 -1021.409607 
-9.223095 -3.407803 -1020.489502 
-9.110876 -3.096906 -1020.241394 
-8.984501 -2.639287 -1021.104309 
-8.956601 -2.849121 -1022.002075 
-8.946481 -3.051705 -1022.354248 
-9.072584 -2.902929 -1021.611206 
-8.990467 -3.107456 -1020.845947 
-8.997973 -3.240250 -1020.990173 
-8.845379 -3.320689 -1021.288513 
-8.918503 -3.577151 -1021.551636 
-8.977002 -3.467697 -1021.322937 
-9.158002 -3.552608 -1021.066772 
-9.241801 -4.010088 -1020.959412 
-9.077041 -4.080305 -1021.105347 
-8.811032 -3.373494 -1020.770691 
-9.305826 -3.566252 -1020.771362 
-9.469861 -3.822292 -1021.394104 
-9.222889 -3.646612 -1021.770264 
-8.988711 -3.798544 -1021.143982 
-8.825769 -3.612800 -1020.362366 
-8.475816 -3.592592 -1020.212891 
-8.415453 -3.215294 -1020.971680 
-8.350327 -3.177289 -1020.442322 
-8.693262 -2.796831 -1020.716064 
-8.796810 -2.997062 -1021.142456 
-8.891849 -3.027843 -1020.958984 
-8.687279 -3.346940 -1020.824402 
-8.694423 -3.530392 -1020.960693 
-8.907538 -3.993874 -1021.338135 
-9.175631 -3.244495 -1021.444885 
-8.926504 -3.884091 -1021.359497 
-8.898004 -3.905949 -1021.218018 
-8.789803 -3.987820 -1021.409790 
-9.044842 -4.212368 -1021.209412 
-9.200073 -3.964266 -1020.902710 
-9.035647 -3.451017 -1020.736816 
-8.887718 -3.326200 -1021.647034 
-8.915774 -3.350460 -1022.143433 
-8.804020 -3.351686 -1021.893921 
-8.665816 -3.517377 -1021.572327 
-8.652853 -3.374633 -1021.266235 
-8.923082 -3.731878 -1021.070190 
-8.736666 -3.679501 -1020.949951 
-8.941333 -3.542396 -1021.109985 
-8.995266 -3.096261 -1021.640564 
-9.087213 -2.918968 -1021.796631 
-8.928970 -3.498192 -1021.518921 
-8.802376 -3.327672 -1021.016113 
-8.127701 -3.302095 -1020.931091 
-8.688070 -3.472692 -1022.123291 
-8.963456 -3.622172 -1021.694824 
-9.073965 -3.813666 -1020.888489 
-8.832972 -3.689755 -1021.011963 
-8.774377 -3.879471 -1021.342590 
-8.788502 -3.721302 -1021.692444 
-8.629002 -3.523466 -1021.899170 
-8.757602 -3.115404 -1021.881531 
-8.640882 -3.361408 -1021.367249 
-8.852506 -2.931209 -1020.443420 
-9.021805 -3.045699 -1020.204529 
-9.096244 -3.013902 -1020.635620 
-9.070395 -3.106051 -1021.004883 
-8.857434 -2.676981 -1020.401794 
-8.647548 -2.959029 -1020.720215 
-8.857839 -3.362635 -1021.084778 
-8.928471 -3.541847 -1021.230042 
-8.362777 -3.590246 -1020.821655 
-8.325022 -3.707968 -1020.299744 
-8.233817 -4.189395 -1020.919189 
-8.234054 -3.733264 -1021.805176 
-8.514843 -3.581635 -1021.647766 
-8.349074 -3.438011 -1020.850830 
-8.680059 -3.530942 -1020.518250 
-8.713048 -3.170299 -1020.874390 
-8.593039 -3.335554 -1021.342285 
-8.661340 -3.436821 -1021.276245 
-8.649272 -3.530073 -1020.980591 
-8.493217 -3.729969 -1020.268250 
-8.307374 -3.447394 -1020.308411 
-8.158699 -3.817942 -1021.194519 
-7.942159 -3.676396 -1021.964417 
-7.793327 -2.897429 -1021.775146 
-7.796262 -3.202319 -1020.513489 
-7.762010 -3.325964 -1019.626221 
-7.942008 -3.004218 -1020.026550 
-7.951806 -3.428575 -1021.505859 
-8.179245 -3.771248 -1022.262268 
-8.458796 -3.559919 -1022.220825 
-8.377437 -3.059611 -1021.858276 
-8.531949 -3.155892 -1021.324219 
-8.167560 -3.160244 -1021.263000 
-8.412848 -3.031583 -1021.811768 
-8.511478 -2.904722 -1022.507019 
-8.468383 -3.009888 -1022.624023 
-8.494906 -3.366795 -1021.985596 
-8.821125 -3.099936 -1020.620850 
-8.801500 -3.102925 -1020.346497 
-8.761400 -2.874393 -1021.578796 
-8.900120 -2.971273 -1022.418213 
-8.852496 -2.844226 -1022.430969 
-8.692397 -3.081092 -1021.379761 
-8.552117 -3.006774 -1020.233826 
-8.671694 -3.133809 -1019.988037 
-8.950355 -3.358360 -1020.865051 
-9.087884 -4.000154 -1021.786255 
-8.831907 -4.221370 -1021.705811 
-8.663726 -4.316905 -1021.556030 
-8.797581 -4.155918 -1020.838440 
-8.685064 -4.499849 -1020.142334 
-8.485251 -4.256479 -1020.317444 
-8.728002 -3.897582 -1020.750366 
-8.946601 -3.635643 -1021.718872 
-8.901880 -3.790539 -1021.273682 
-9.036904 -3.788232 -1020.295349 
-8.754523 -3.391040 -1020.049500 
-8.748219 -3.101151 -1020.438416 
-8.877375 -3.202689 -1021.310730 
-9.078300 -3.771182 -1021.911011 
-9.056040 -3.395075 -1021.683594 
-9.270032 -3.334810 -1021.428467 
-8.599425 -3.158990 -1020.528992 
-8.685141 -3.228423 -1019.919189 
-8.741512 -3.608688 -1020.492737 
-8.628010 -3.325919 -1021.585999 
-8.769008 -3.300816 -1022.057983 
-8.747606 -3.249536 -1021.691406 
-8.535285 -3.640578 -1020.629517 
-8.231228 -3.200877 -1019.560425 
-8.146583 -3.984093 -1019.778748 
-8.310666 -3.945976 -1021.051392 
-8.605580 -4.089799 -1021.074646 
-8.592464 -4.369195 -1020.001892 
-8.472172 -4.177602 -1019.717102 
-8.473537 -4.219043 -1020.465271 
-8.389230 -3.936178 -1021.625000 
-8.443784 -3.515497 -1022.260010 
-8.707027 -3.900605 -1022.048218 
-8.832222 -3.901522 -1020.902771 
-8.895778 -4.034028 -1020.047424 
-8.507422 -4.048339 -1020.339111 
-8.489538 -3.893988 -1020.767700 
-8.438630 -3.534143 -1021.574158 
-8.117304 -3.469267 -1022.146118 
-8.421443 -3.537274 -1021.822876 
-8.542754 -3.240839 -1020.893311 
-8.322603 -3.321119 -1020.222839 
-8.329483 -3.495067 -1020.516052 
-8.395987 -3.440748 -1021.336243 
-8.229589 -3.944927 -1021.870361 
-8.669871 -4.082186 -1021.846313 
-8.680497 -3.638539 -1021.229248 
-8.554798 -3.809132 -1020.882019 
-8.320039 -3.851241 -1020.775024 
-8.547031 -3.799576 -1021.153015 
-8.387025 -3.860746 -1021.687195 
-8.539619 -3.987788 -1022.016968 
-8.076096 -3.404848 -1022.183167 
-8.242077 -3.704492 -1021.425537 
-8.350462 -3.527677 -1020.721802 
-8.498170 -3.332711 -1021.073853 
-8.689536 -3.140979 -1021.965454 
-9.013429 -2.885687 -1022.617798 
-9.138343 -3.342065 -1021.529236 
-9.018674 -3.032449 -1020.841370 
-9.264539 -3.037190 -1021.059692 
-9.363631 -2.991212 -1021.417358 
-8.967105 -3.040053 -1021.422913 
-9.040284 -3.454729 -1021.500549 
-8.903627 -3.790336 -1021.306458 
-9.013902 -4.018797 -1021.529358 
-8.845922 -3.724112 -1020.963501 
-8.467537 -3.311283 -1020.754822 
-8.312090 -4.312911 -1022.260864 
-8.528472 -3.955248 -1021.536499 
-8.567377 -3.578853 -1020.346985 
-8.671701 -3.617255 -1020.164001 
-8.657561 -3.826557 -1020.822815 
-8.756049 -3.616765 -1021.789063 
-8.908039 -3.892118 -1021.878845 
-8.822231 -3.862369 -1021.413879 
-8.741385 -3.675861 -1020.553894 
-8.713308 -3.506781 -1020.231934 
-8.703047 -3.416338 -1020.437927 
-8.646037 -2.921861 -1021.054138 
-8.197829 -2.643367 -1021.412903 
-8.315063 -3.165210 -1021.797546 
-8.530850 -3.216483 -1021.312256 
-8.813280 -3.336302 -1020.545776 
-8.612224 -3.753341 -1020.371826 
-9.036979 -3.645727 -1020.562073 
-8.925383 -3.385911 -1021.397461 
-8.738506 -3.377560 -1021.553345 
-8.686605 -3.404424 -1021.092468 
-8.657285 -3.341633 -1020.430969 
-8.646028 -3.954987 -1020.450806 
-8.649222 -4.155447 -1020.783875 
-8.883578 -3.724967 -1021.343079 
-8.558662 -3.905170 -1021.351257 
-8.652530 -3.888375 -1021.382202 
-8.312823 -3.876116 -1020.809143 
-8.309459 -4.097883 -1020.179932 
-8.074967 -4.177341 -1020.030334 
-8.326574 -3.806865 -1020.606079 
-8.564460 -3.734229 -1021.066650 
-8.888968 -3.318667 -1021.447327 
-8.916774 -3.625114 -1020.690491 
-9.085419 -3.931170 -1020.524170 
-8.756735 -4.171023 -1020.366760 
-8.591388 -3.868172 -1020.619019 
-8.544510 -3.416424 -1021.199036 
-8.702208 -3.218555 -1021.650818 
-8.535566 -3.271896 -1021.731628 
-8.414453 -3.393224 -1021.442505 
-8.622562 -3.630091 -1021.296631 
-8.789050 -3.737048 -1021.057922 
-8.678240 -3.765672 -1021.001160 
-8.906792 -3.539370 -1021.577942 
-8.906633 -4.099304 -1021.465942 
-8.577106 -3.898226 -1021.303162 
-8.325686 -3.899786 -1020.831299 
-8.563748 -3.884444 -1020.575867 
-8.571198 -3.659014 -1020.969299 
-8.833359 -3.741678 -1021.589050 
-8.945487 -3.010993 -1021.657837 
-8.839990 -2.642501 -1021.237061 
-8.450592 -2.736110 -1021.205444 
-8.578274 -2.771471 -1020.838562 
-8.537636 -3.133779 -1021.578613 
-8.403909 -2.863953 -1021.869080 
-8.113927 -2.831817 -1021.479248 
-8.235742 -3.698257 -1021.155212 
-8.101394 -3.539606 -1021.103394 
-8.335515 -3.291979 -1021.318115 
-8.608212 -3.539718 -1021.453308 
-8.606770 -3.308541 -1021.549255 
-8.788615 -3.634203 -1021.308777 
-8.714492 -3.443418 -1021.275024 
-8.252593 -2.842748 -1021.479797 
-8.212475 -3.047054 -1021.497253 
-8.216980 -3.031370 -1021.218384 
-8.810398 -3.210494 -1021.035156 
-9.073519 -3.678001 -1020.775513 
-9.259615 -3.574260 -1021.153381 
-9.201092 -3.416149 -1021.419128 
-8.824873 -3.449068 -1021.753723 
-8.877698 -3.225900 -1021.716370 
-8.761358 -3.425573 -1021.283875 
-8.558487 -3.192273 -1021.072083 
-8.627990 -3.384551 -1021.573669 
-8.561592 -3.442485 -1021.694336 
-8.459674 -3.600126 -1022.059265 
-8.634339 -3.847014 -1022.046204 
-8.786271 -3.763532 -1021.486755 
-9.013059 -3.868830 -1021.415588 
-9.199047 -3.894811 -1021.555664 
-9.152637 -3.666580 -1021.948303 
-9.127710 -3.549446 -1021.737854 
-8.875968 -3.612272 -1021.484070 
-8.601375 -3.625166 -1021.439636 
-8.393900 -3.799372 -1021.538330